          %CHARGE         %LJ EPSILON     %LJ C_RADII     %GB_RADII       %SCREEN        %DIELECTRIC        %ATOM INDEX
1MA P     0.19822801E+02  0.20000000E+00  0.21000001E+01  0.18500000E+01  0.86000000E+00  0.40000000E+01       1
1MA O1P  -0.13970308E+02  0.21000000E+00  0.16612001E+01  0.15000000E+01  0.85000000E+00  0.40000000E+01       2
1MA O2P  -0.13970308E+02  0.21000000E+00  0.16612001E+01  0.15000000E+01  0.85000000E+00  0.40000000E+01       3
1MA O5'  -0.85884433E+01  0.17000000E+00  0.16837001E+01  0.15000000E+01  0.85000000E+00  0.10000000E+01       4
1MA C5'   0.11577174E+01  0.10940000E+00  0.19080001E+01  0.17000000E+01  0.72000000E+00  0.10000000E+01       5
1MA 1H5'  0.12558445E+01  0.15700000E-01  0.14870000E+01  0.13000000E+01  0.85000000E+00  0.10000000E+01       6
1MA 2H5'  0.12558445E+01  0.15700000E-01  0.14870000E+01  0.13000000E+01  0.85000000E+00  0.10000000E+01       7
1MA C4'   0.70328967E+00  0.10940000E+00  0.19080001E+01  0.17000000E+01  0.72000000E+00  0.10000000E+01       8
1MA O4'  -0.59628832E+01  0.17000000E+00  0.16837001E+01  0.15000000E+01  0.85000000E+00  0.10000000E+01       9
1MA C1'   0.83746046E+00  0.10940000E+00  0.19080001E+01  0.17000000E+01  0.72000000E+00  0.10000000E+01      10
1MA C2'   0.14113354E+01  0.10940000E+00  0.19080001E+01  0.17000000E+01  0.72000000E+00  0.10000000E+01      11
1MA O2'  -0.10775721E+02  0.21040000E+00  0.17210001E+01  0.15000000E+01  0.85000000E+00  0.10000000E+01      12
1MA 2HO'  0.74737852E+01  0.15700000E-01  0.60000000E+00  0.80000000E+00  0.85000000E+00  0.10000000E+01      13
1MA 1H2'  0.16928881E+01  0.15700000E-01  0.14870000E+01  0.13000000E+01  0.85000000E+00  0.10000000E+01      14
1MA N9    0.16052389E+01  0.17000000E+00  0.18240001E+01  0.15500000E+01  0.79000000E+00  0.10000000E+01      15
1MA C8    0.12058607E+01  0.86000000E-01  0.19080001E+01  0.17000000E+01  0.72000000E+00  0.10000000E+01      16
1MA N7   -0.88771028E+01  0.17000000E+00  0.18240001E+01  0.15500000E+01  0.79000000E+00  0.10000000E+01      17
1MA C5    0.20689417E+01  0.86000000E-01  0.19080001E+01  0.17000000E+01  0.72000000E+00  0.10000000E+01      18
1MA C6    0.58977385E+01  0.86000000E-01  0.19080001E+01  0.17000000E+01  0.72000000E+00  0.10000000E+01      19
1MA N6   -0.12050279E+02  0.17000000E+00  0.18240001E+01  0.15500000E+01  0.79000000E+00  0.10000000E+01      20
1MA H61   0.71493918E+01  0.15700000E-01  0.60000000E+00  0.13000000E+01  0.85000000E+00  0.10000000E+01      21
1MA H62   0.71493918E+01  0.15700000E-01  0.60000000E+00  0.13000000E+01  0.85000000E+00  0.10000000E+01      22
1MA N1   -0.53466050E+00  0.17000000E+00  0.18240001E+01  0.15500000E+01  0.79000000E+00  0.10000000E+01      23
1MA C2    0.34299106E+01  0.86000000E-01  0.19080001E+01  0.17000000E+01  0.72000000E+00  0.10000000E+01      24
1MA N3   -0.91121705E+01  0.17000000E+00  0.18240001E+01  0.15500000E+01  0.79000000E+00  0.10000000E+01      25
1MA C4    0.70017001E+01  0.86000000E-01  0.19080001E+01  0.17000000E+01  0.72000000E+00  0.10000000E+01      26
1MA H2    0.34609614E+01  0.15700000E-01  0.14870000E+01  0.13000000E+01  0.85000000E+00  0.10000000E+01      27
1MA C11  -0.28283379E+01  0.10940000E+00  0.19080001E+01  0.17000000E+01  0.72000000E+00  0.10000000E+01      28
1MA H11   0.21920698E+01  0.15700000E-01  0.14870000E+01  0.13000000E+01  0.85000000E+00  0.10000000E+01      29
1MA H12   0.21920698E+01  0.15700000E-01  0.14870000E+01  0.13000000E+01  0.85000000E+00  0.10000000E+01      30
1MA H13   0.21920698E+01  0.15700000E-01  0.14870000E+01  0.13000000E+01  0.85000000E+00  0.10000000E+01      31
1MA H8    0.39259945E+01  0.15700000E-01  0.14870000E+01  0.13000000E+01  0.85000000E+00  0.10000000E+01      32
1MA H1'   0.29942337E+01  0.15700000E-01  0.14870000E+01  0.13000000E+01  0.85000000E+00  0.10000000E+01      33
1MA H4'   0.21287473E+01  0.15700000E-01  0.14870000E+01  0.13000000E+01  0.85000000E+00  0.10000000E+01      34
1MA C3'   0.38716010E+01  0.10940000E+00  0.19080001E+01  0.17000000E+01  0.72000000E+00  0.10000000E+01      35
1MA H3'   0.15038682E+01  0.15700000E-01  0.14870000E+01  0.13000000E+01  0.85000000E+00  0.10000000E+01      36
1MA O3'  -0.89104131E+01  0.17000000E+00  0.16837001E+01  0.15000000E+01  0.85000000E+00  0.10000000E+01      37