          %CHARGE         %LJ EPSILON     %LJ C_RADII     %GB_RADII       %SCREEN        %DIELECTRIC        %ATOM INDEX
2SU P     0.19822801E+02  0.20000000E+00  0.21000001E+01  0.18500000E+01  0.86000000E+00  0.40000000E+01       1
2SU O1P  -0.13970308E+02  0.21000000E+00  0.16612001E+01  0.15000000E+01  0.85000000E+00  0.40000000E+01       2
2SU O2P  -0.13970308E+02  0.21000000E+00  0.16612001E+01  0.15000000E+01  0.85000000E+00  0.40000000E+01       3
2SU O5'  -0.85884433E+01  0.17000000E+00  0.16837001E+01  0.15000000E+01  0.85000000E+00  0.10000000E+01       4
2SU C5'   0.11577174E+01  0.10940000E+00  0.19080001E+01  0.17000000E+01  0.72000000E+00  0.10000000E+01       5
2SU 1H5'  0.12558445E+01  0.15700000E-01  0.14870000E+01  0.13000000E+01  0.85000000E+00  0.10000000E+01       6
2SU 2H5'  0.12558445E+01  0.15700000E-01  0.14870000E+01  0.13000000E+01  0.85000000E+00  0.10000000E+01       7
2SU C4'   0.70328967E+00  0.10940000E+00  0.19080001E+01  0.17000000E+01  0.72000000E+00  0.10000000E+01       8
2SU O4'  -0.59628832E+01  0.17000000E+00  0.16837001E+01  0.15000000E+01  0.85000000E+00  0.10000000E+01       9
2SU C1'   0.83746046E+00  0.10940000E+00  0.19080001E+01  0.17000000E+01  0.72000000E+00  0.10000000E+01      10
2SU C2'   0.14113354E+01  0.10940000E+00  0.19080001E+01  0.17000000E+01  0.72000000E+00  0.10000000E+01      11
2SU O2'  -0.10775721E+02  0.21040000E+00  0.17210001E+01  0.15000000E+01  0.85000000E+00  0.10000000E+01      12
2SU 2HO'  0.74737852E+01  0.15700000E-01  0.60000000E+00  0.80000000E+00  0.85000000E+00  0.10000000E+01      13
2SU H2'   0.16928881E+01  0.15700000E-01  0.14870000E+01  0.13000000E+01  0.85000000E+00  0.10000000E+01      14
2SU N1    0.41854254E+01  0.17000000E+00  0.18240001E+01  0.15500000E+01  0.79000000E+00  0.10000000E+01      15
2SU C2   -0.96918947E+00  0.86000000E-01  0.19080001E+01  0.17000000E+01  0.72000000E+00  0.10000000E+01      16
2SU S2   -0.67960979E+01  0.25000000E+00  0.20000001E+01  0.15000000E+01  0.80000000E+00  0.10000000E+01      17
2SU N3   -0.25437237E+01  0.17000000E+00  0.18240001E+01  0.15500000E+01  0.79000000E+00  0.10000000E+01      18
2SU C4    0.11194068E+02  0.86000000E-01  0.19080001E+01  0.17000000E+01  0.72000000E+00  0.10000000E+01      19
2SU O4   -0.10006065E+02  0.21000000E+00  0.16612001E+01  0.15000000E+01  0.85000000E+00  0.10000000E+01      20
2SU C5   -0.62868393E+01  0.86000000E-01  0.19080001E+01  0.17000000E+01  0.72000000E+00  0.10000000E+01      21
2SU C6   -0.26217152E+01  0.86000000E-01  0.19080001E+01  0.17000000E+01  0.72000000E+00  0.10000000E+01      22
2SU H6    0.35999976E+01  0.15700000E-01  0.14870000E+01  0.13000000E+01  0.85000000E+00  0.10000000E+01      23
2SU H5    0.35701859E+01  0.15000000E-01  0.14590000E+01  0.13000000E+01  0.85000000E+00  0.10000000E+01      24
2SU H3    0.45203149E+01  0.15700000E-01  0.60000000E+00  0.13000000E+01  0.85000000E+00  0.10000000E+01      25
2SU H1'   0.29942337E+01  0.15700000E-01  0.14870000E+01  0.13000000E+01  0.85000000E+00  0.10000000E+01      26
2SU H4'   0.21287473E+01  0.15700000E-01  0.14870000E+01  0.13000000E+01  0.85000000E+00  0.10000000E+01      27
2SU C3'   0.38716010E+01  0.10940000E+00  0.19080001E+01  0.17000000E+01  0.72000000E+00  0.10000000E+01      28
2SU H3'   0.15038682E+01  0.15700000E-01  0.14870000E+01  0.13000000E+01  0.85000000E+00  0.10000000E+01      29
2SU O3'  -0.89104131E+01  0.17000000E+00  0.16837001E+01  0.15000000E+01  0.85000000E+00  0.10000000E+01      30