          %CHARGE         %LJ EPSILON     %LJ C_RADII     %GB_RADII       %SCREEN        %DIELECTRIC        %ATOM INDEX
5MU P     0.19822801E+02  0.20000000E+00  0.21000001E+01  0.18500000E+01  0.86000000E+00  0.40000000E+01       1
5MU O1P  -0.13970308E+02  0.21000000E+00  0.16612001E+01  0.15000000E+01  0.85000000E+00  0.40000000E+01       2
5MU O2P  -0.13970308E+02  0.21000000E+00  0.16612001E+01  0.15000000E+01  0.85000000E+00  0.40000000E+01       3
5MU O5'  -0.85884433E+01  0.17000000E+00  0.16837001E+01  0.15000000E+01  0.85000000E+00  0.10000000E+01       4
5MU C5'   0.11577174E+01  0.10940000E+00  0.19080001E+01  0.17000000E+01  0.72000000E+00  0.10000000E+01       5
5MU 1H5'  0.12558445E+01  0.15700000E-01  0.14870000E+01  0.13000000E+01  0.85000000E+00  0.10000000E+01       6
5MU 2H5'  0.12558445E+01  0.15700000E-01  0.14870000E+01  0.13000000E+01  0.85000000E+00  0.10000000E+01       7
5MU C4'   0.70328967E+00  0.10940000E+00  0.19080001E+01  0.17000000E+01  0.72000000E+00  0.10000000E+01       8
5MU O4'  -0.59628832E+01  0.17000000E+00  0.16837001E+01  0.15000000E+01  0.85000000E+00  0.10000000E+01       9
5MU C1'   0.83746046E+00  0.10940000E+00  0.19080001E+01  0.17000000E+01  0.72000000E+00  0.10000000E+01      10
5MU C2'   0.14113354E+01  0.10940000E+00  0.19080001E+01  0.17000000E+01  0.72000000E+00  0.10000000E+01      11
5MU O2'  -0.10775721E+02  0.21040000E+00  0.17210001E+01  0.15000000E+01  0.85000000E+00  0.10000000E+01      12
5MU 2HO'  0.74737852E+01  0.15700000E-01  0.60000000E+00  0.80000000E+00  0.85000000E+00  0.10000000E+01      13
5MU 1H2'  0.16928881E+01  0.15700000E-01  0.14870000E+01  0.13000000E+01  0.85000000E+00  0.10000000E+01      14
5MU N1    0.31746891E+00  0.17000000E+00  0.18240001E+01  0.15500000E+01  0.79000000E+00  0.10000000E+01      15
5MU C2    0.10749444E+02  0.86000000E-01  0.19080001E+01  0.17000000E+01  0.72000000E+00  0.10000000E+01      16
5MU O2   -0.10384324E+02  0.21000000E+00  0.16612001E+01  0.15000000E+01  0.85000000E+00  0.10000000E+01      17
5MU N3   -0.94785116E+01  0.17000000E+00  0.18240001E+01  0.15500000E+01  0.79000000E+00  0.10000000E+01      18
5MU C4    0.11008401E+02  0.86000000E-01  0.19080001E+01  0.17000000E+01  0.72000000E+00  0.10000000E+01      19
5MU O4   -0.10060915E+02  0.21000000E+00  0.16612001E+01  0.15000000E+01  0.85000000E+00  0.10000000E+01      20
5MU C5   -0.12819388E+00  0.86000000E-01  0.19080001E+01  0.17000000E+01  0.72000000E+00  0.10000000E+01      21
5MU C6   -0.49177979E+01  0.86000000E-01  0.19080001E+01  0.17000000E+01  0.72000000E+00  0.10000000E+01      22
5MU H6    0.41883045E+01  0.15700000E-01  0.14870000E+01  0.13000000E+01  0.85000000E+00  0.10000000E+01      23
5MU C10  -0.49595634E+01  0.10940000E+00  0.19080001E+01  0.17000000E+01  0.72000000E+00  0.10000000E+01      24
5MU H20   0.16991201E+01  0.15700000E-01  0.14870000E+01  0.13000000E+01  0.85000000E+00  0.10000000E+01      25
5MU H21   0.16991201E+01  0.15700000E-01  0.14870000E+01  0.13000000E+01  0.85000000E+00  0.10000000E+01      26
5MU H22   0.16991201E+01  0.15700000E-01  0.14870000E+01  0.13000000E+01  0.85000000E+00  0.10000000E+01      27
5MU H3    0.64146869E+01  0.15700000E-01  0.60000000E+00  0.13000000E+01  0.85000000E+00  0.10000000E+01      28
5MU H1'   0.29942337E+01  0.15700000E-01  0.14870000E+01  0.13000000E+01  0.85000000E+00  0.10000000E+01      29
5MU H4'   0.21287473E+01  0.15700000E-01  0.14870000E+01  0.13000000E+01  0.85000000E+00  0.10000000E+01      30
5MU C3'   0.38716010E+01  0.10940000E+00  0.19080001E+01  0.17000000E+01  0.72000000E+00  0.10000000E+01      31
5MU H3'   0.15038682E+01  0.15700000E-01  0.14870000E+01  0.13000000E+01  0.85000000E+00  0.10000000E+01      32
5MU O3'  -0.89104131E+01  0.17000000E+00  0.16837001E+01  0.15000000E+01  0.85000000E+00  0.10000000E+01      33