          %CHARGE         %LJ EPSILON     %LJ C_RADII     %GB_RADII       %SCREEN        %DIELECTRIC        %ATOM INDEX
6TA P     0.19822801E+02  0.20000000E+00  0.21000001E+01  0.18500000E+01  0.86000000E+00  0.40000000E+01       1
6TA O1P  -0.13970308E+02  0.21000000E+00  0.16612001E+01  0.15000000E+01  0.85000000E+00  0.40000000E+01       2
6TA O2P  -0.13970308E+02  0.21000000E+00  0.16612001E+01  0.15000000E+01  0.85000000E+00  0.40000000E+01       3
6TA O5'  -0.85884433E+01  0.17000000E+00  0.16837001E+01  0.15000000E+01  0.85000000E+00  0.10000000E+01       4
6TA C5'   0.11577174E+01  0.10940000E+00  0.19080001E+01  0.17000000E+01  0.72000000E+00  0.10000000E+01       5
6TA 1H5'  0.12558445E+01  0.15700000E-01  0.14870000E+01  0.13000000E+01  0.85000000E+00  0.10000000E+01       6
6TA 2H5'  0.12558445E+01  0.15700000E-01  0.14870000E+01  0.13000000E+01  0.85000000E+00  0.10000000E+01       7
6TA C4'   0.70328967E+00  0.10940000E+00  0.19080001E+01  0.17000000E+01  0.72000000E+00  0.10000000E+01       8
6TA O4'  -0.59628832E+01  0.17000000E+00  0.16837001E+01  0.15000000E+01  0.85000000E+00  0.10000000E+01       9
6TA C1'   0.83746046E+00  0.10940000E+00  0.19080001E+01  0.17000000E+01  0.72000000E+00  0.10000000E+01      10
6TA C2'   0.14113354E+01  0.10940000E+00  0.19080001E+01  0.17000000E+01  0.72000000E+00  0.10000000E+01      11
6TA O2'  -0.10775721E+02  0.21040000E+00  0.17210001E+01  0.15000000E+01  0.85000000E+00  0.10000000E+01      12
6TA 2HO'  0.74737852E+01  0.15700000E-01  0.60000000E+00  0.80000000E+00  0.85000000E+00  0.10000000E+01      13
6TA H2'   0.16928881E+01  0.15700000E-01  0.14870000E+01  0.13000000E+01  0.85000000E+00  0.10000000E+01      14
6TA N9   -0.88432822E+00  0.17000000E+00  0.18240001E+01  0.15500000E+01  0.79000000E+00  0.10000000E+01      15
6TA C8    0.21816102E+01  0.86000000E-01  0.19080001E+01  0.17000000E+01  0.72000000E+00  0.10000000E+01      16
6TA N7   -0.10163123E+02  0.17000000E+00  0.18240001E+01  0.15500000E+01  0.79000000E+00  0.10000000E+01      17
6TA C5    0.21013592E+01  0.86000000E-01  0.19080001E+01  0.17000000E+01  0.72000000E+00  0.10000000E+01      18
6TA C6    0.40323763E+01  0.86000000E-01  0.19080001E+01  0.17000000E+01  0.72000000E+00  0.10000000E+01      19
6TA N6   -0.39144963E+01  0.17000000E+00  0.18240001E+01  0.15500000E+01  0.79000000E+00  0.10000000E+01      20
6TA 1H6   0.52064573E+01  0.15700000E-01  0.60000000E+00  0.13000000E+01  0.85000000E+00  0.10000000E+01      21
6TA C11   0.68475759E+01  0.86000000E-01  0.19080001E+01  0.17000000E+01  0.72000000E+00  0.10000000E+01      22
6TA O30  -0.10002457E+02  0.21000000E+00  0.16612001E+01  0.15000000E+01  0.85000000E+00  0.10000000E+01      23
6TA N40  -0.21360180E+01  0.17000000E+00  0.18240001E+01  0.15500000E+01  0.79000000E+00  0.10000000E+01      24
6TA C12   0.21704946E+01  0.10940000E+00  0.19080001E+01  0.17000000E+01  0.72000000E+00  0.10000000E+01      25
6TA C13   0.13101560E+02  0.86000000E-01  0.19080001E+01  0.17000000E+01  0.72000000E+00  0.10000000E+01      26
6TA O31  -0.12333964E+02  0.21040000E+00  0.17210001E+01  0.15000000E+01  0.85000000E+00  0.10000000E+01      27
6TA H30   0.84291075E+01  0.15700000E-01  0.60000000E+00  0.80000000E+00  0.85000000E+00  0.10000000E+01      28
6TA O32  -0.10038446E+02  0.21000000E+00  0.16612001E+01  0.15000000E+01  0.85000000E+00  0.10000000E+01      29
6TA C14   0.16395150E+01  0.10940000E+00  0.19080001E+01  0.17000000E+01  0.72000000E+00  0.10000000E+01      30
6TA O33  -0.12056767E+02  0.21040000E+00  0.17210001E+01  0.15000000E+01  0.85000000E+00  0.10000000E+01      31
6TA H24   0.82559228E+01  0.15700000E-01  0.60000000E+00  0.80000000E+00  0.85000000E+00  0.10000000E+01      32
6TA C15  -0.26353273E+01  0.10940000E+00  0.19080001E+01  0.17000000E+01  0.72000000E+00  0.10000000E+01      33
6TA H21   0.75077698E+00  0.15700000E-01  0.14870000E+01  0.13000000E+01  0.85000000E+00  0.10000000E+01      34
6TA H22   0.75077698E+00  0.15700000E-01  0.14870000E+01  0.13000000E+01  0.85000000E+00  0.10000000E+01      35
6TA H23   0.75077698E+00  0.15700000E-01  0.14870000E+01  0.13000000E+01  0.85000000E+00  0.10000000E+01      36
6TA H20   0.13774966E+01  0.15700000E-01  0.14870000E+01  0.13000000E+01  0.85000000E+00  0.10000000E+01      37
6TA H25   0.15036860E+01  0.15700000E-01  0.14870000E+01  0.13000000E+01  0.85000000E+00  0.10000000E+01      38
6TA H26   0.23705572E+01  0.15700000E-01  0.60000000E+00  0.13000000E+01  0.85000000E+00  0.10000000E+01      39
6TA N1   -0.80016124E+01  0.17000000E+00  0.18240001E+01  0.15500000E+01  0.79000000E+00  0.10000000E+01      40
6TA C2    0.77748541E+01  0.86000000E-01  0.19080001E+01  0.17000000E+01  0.72000000E+00  0.10000000E+01      41
6TA N3   -0.12048038E+02  0.17000000E+00  0.18240001E+01  0.15500000E+01  0.79000000E+00  0.10000000E+01      42
6TA C4    0.82726873E+01  0.86000000E-01  0.19080001E+01  0.17000000E+01  0.72000000E+00  0.10000000E+01      43
6TA H2    0.14132669E+01  0.15700000E-01  0.14870000E+01  0.13000000E+01  0.85000000E+00  0.10000000E+01      44
6TA H8    0.31300809E+01  0.15700000E-01  0.14870000E+01  0.13000000E+01  0.85000000E+00  0.10000000E+01      45
6TA H1'   0.29942337E+01  0.15700000E-01  0.14870000E+01  0.13000000E+01  0.85000000E+00  0.10000000E+01      46
6TA H4'   0.21287473E+01  0.15700000E-01  0.14870000E+01  0.13000000E+01  0.85000000E+00  0.10000000E+01      47
6TA C3'   0.38716010E+01  0.10940000E+00  0.19080001E+01  0.17000000E+01  0.72000000E+00  0.10000000E+01      48
6TA H3'   0.15038682E+01  0.15700000E-01  0.14870000E+01  0.13000000E+01  0.85000000E+00  0.10000000E+01      49
6TA O3'  -0.89104131E+01  0.17000000E+00  0.16837001E+01  0.15000000E+01  0.85000000E+00  0.10000000E+01      50