          %CHARGE         %LJ EPSILON     %LJ C_RADII     %GB_RADII       %SCREEN        %DIELECTRIC        %ATOM INDEX
ASP N    -0.94610182E+01  0.17000000E+00  0.18240000E+01  0.15500000E+01  0.79000000E+00  0.10000000E+01       1
ASP H     0.55669126E+01  0.15700000E-01  0.60000000E+00  0.13000000E+01  0.85000000E+00  0.10000000E+01       2
ASP CA   -0.33109919E+01  0.10940000E+00  0.19080000E+01  0.17000000E+01  0.72000000E+00  0.10000000E+01       3
ASP HA    0.19060526E+01  0.15700000E-01  0.13870000E+01  0.13000000E+01  0.85000000E+00  0.10000000E+01       4
ASP CB   -0.12336497E+01  0.10940000E+00  0.19080000E+01  0.17000000E+01  0.72000000E+00  0.20000000E+01       5
ASP HB2  -0.38631276E+00  0.15700000E-01  0.14870000E+01  0.13000000E+01  0.85000000E+00  0.20000000E+01       6
ASP HB3  -0.38631276E+00  0.15700000E-01  0.14870000E+01  0.13000000E+01  0.85000000E+00  0.20000000E+01       7
ASP CG    0.16128558E+02  0.86000000E-01  0.19080000E+01  0.17000000E+01  0.72000000E+00  0.20000000E+01       8
ASP OD1  -0.14873041E+02  0.21000000E+00  0.16612000E+01  0.15000000E+01  0.85000000E+00  0.20000000E+01       9
ASP OD2  -0.14873041E+02  0.21000000E+00  0.16612000E+01  0.15000000E+01  0.85000000E+00  0.20000000E+01      10
ASP C     0.13222101E+02  0.86000000E-01  0.19080000E+01  0.17000000E+01  0.72000000E+00  0.10000000E+01      11
ASP O    -0.14371928E+02  0.21000000E+00  0.16612000E+01  0.15000000E+01  0.85000000E+00  0.10000000E+01      12
ASP OXT  -0.14371928E+02  0.21000000E+00  0.16612000E+01  0.15000000E+01  0.85000000E+00  0.10000000E+01      13