          %CHARGE         %LJ EPSILON     %LJ C_RADII     %GB_RADII       %SCREEN        %DIELECTRIC        %ATOM INDEX
CYT N    -0.14226150E+02  0.17000000E+00  0.18240000E+01  0.15500000E+01  0.79000000E+00  0.10000000E+01       1
CYT H     0.55195347E+01  0.15700000E-01  0.60000000E+00  0.13000000E+01  0.85000000E+00  0.10000000E+01       2
CYT CA    0.86045701E+01  0.10940000E+00  0.19080000E+01  0.17000000E+01  0.72000000E+00  0.10000000E+01       3
CYT HA   -0.17475186E+01  0.15700000E-01  0.13870000E+01  0.13000000E+01  0.85000000E+00  0.10000000E+01       4
CYT CB   -0.25511220E-01  0.10940000E+00  0.19080000E+01  0.17000000E+01  0.72000000E+00  0.20000000E+01       5
CYT HB2  -0.13848948E+00  0.15700000E-01  0.13870000E+01  0.13000000E+01  0.85000000E+00  0.20000000E+01       6
CYT HB3  -0.13848948E+00  0.15700000E-01  0.13870000E+01  0.13000000E+01  0.85000000E+00  0.20000000E+01       7
CYT SG   -0.18590391E+02  0.25000000E+00  0.20000000E+01  0.18000000E+01  0.96000000E+00  0.20000000E+01       8
CYT C     0.11952007E+02  0.86000000E-01  0.19080000E+01  0.17000000E+01  0.72000000E+00  0.10000000E+01       9
CYT O    -0.13827081E+02  0.21000000E+00  0.16612000E+01  0.15000000E+01  0.85000000E+00  0.10000000E+01      10
CYT OXT  -0.13827081E+02  0.21000000E+00  0.16612000E+01  0.15000000E+01  0.85000000E+00  0.10000000E+01      11