          %CHARGE         %LJ EPSILON     %LJ C_RADII     %GB_RADII       %SCREEN        %DIELECTRIC        %ATOM INDEX
GLU N    -0.94610182E+01  0.17000000E+00  0.18240000E+01  0.15500000E+01  0.79000000E+00  0.10000000E+01       1
GLU H     0.55669126E+01  0.15700000E-01  0.60000000E+00  0.13000000E+01  0.85000000E+00  0.10000000E+01       2
GLU CA   -0.37519716E+01  0.10940000E+00  0.19080000E+01  0.17000000E+01  0.72000000E+00  0.10000000E+01       3
GLU HA    0.25492998E+01  0.15700000E-01  0.13870000E+01  0.13000000E+01  0.85000000E+00  0.10000000E+01       4
GLU CB    0.12937833E+00  0.10940000E+00  0.19080000E+01  0.17000000E+01  0.72000000E+00  0.30000000E+01       5
GLU HB2  -0.14213394E+00  0.15700000E-01  0.14870000E+01  0.13000000E+01  0.85000000E+00  0.30000000E+01       6
GLU HB3  -0.14213394E+00  0.15700000E-01  0.14870000E+01  0.13000000E+01  0.85000000E+00  0.30000000E+01       7
GLU CG    0.12300053E+01  0.10940000E+00  0.19080000E+01  0.17000000E+01  0.72000000E+00  0.30000000E+01       8
GLU HG2  -0.99858204E+00  0.15700000E-01  0.14870000E+01  0.13000000E+01  0.85000000E+00  0.30000000E+01       9
GLU HG3  -0.99858204E+00  0.15700000E-01  0.14870000E+01  0.13000000E+01  0.85000000E+00  0.30000000E+01      10
GLU CD    0.14911308E+02  0.86000000E-01  0.19080000E+01  0.17000000E+01  0.72000000E+00  0.30000000E+01      11
GLU OE1  -0.14978731E+02  0.21000000E+00  0.16612000E+01  0.15000000E+01  0.85000000E+00  0.30000000E+01      12
GLU OE2  -0.14978731E+02  0.21000000E+00  0.16612000E+01  0.15000000E+01  0.85000000E+00  0.30000000E+01      13
GLU C     0.13520947E+02  0.86000000E-01  0.19080000E+01  0.17000000E+01  0.72000000E+00  0.10000000E+01      14
GLU O    -0.14450284E+02  0.21000000E+00  0.16612000E+01  0.15000000E+01  0.85000000E+00  0.10000000E+01      15
GLU OXT  -0.14450284E+02  0.21000000E+00  0.16612000E+01  0.15000000E+01  0.85000000E+00  0.10000000E+01      16