          %CHARGE         %LJ EPSILON     %LJ C_RADII     %GB_RADII       %SCREEN        %DIELECTRIC        %ATOM INDEX
HIE N    -0.69627408E+01  0.17000000E+00  0.18240000E+01  0.15500000E+01  0.79000000E+00  0.10000000E+01       1
HIE H     0.48853986E+01  0.15700000E-01  0.60000000E+00  0.13000000E+01  0.85000000E+00  0.10000000E+01       2
HIE CA   -0.49181988E+01  0.10940000E+00  0.19080000E+01  0.17000000E+01  0.72000000E+00  0.10000000E+01       3
HIE HA    0.30066795E+01  0.15700000E-01  0.13870000E+01  0.13000000E+01  0.85000000E+00  0.10000000E+01       4
HIE CB   -0.19461416E+01  0.10940000E+00  0.19080000E+01  0.17000000E+01  0.72000000E+00  0.20000000E+01       5
HIE HB2   0.11297826E+01  0.15700000E-01  0.14870000E+01  0.13000000E+01  0.85000000E+00  0.20000000E+01       6
HIE HB3   0.11297826E+01  0.15700000E-01  0.14870000E+01  0.13000000E+01  0.85000000E+00  0.20000000E+01       7
HIE CG    0.49637545E+01  0.86000000E-01  0.19080000E+01  0.17000000E+01  0.72000000E+00  0.20000000E+01       8
HIE ND1  -0.10053243E+02  0.17000000E+00  0.18240000E+01  0.15500000E+01  0.79000000E+00  0.20000000E+01       9
HIE CE1   0.28390343E+01  0.86000000E-01  0.19080000E+01  0.17000000E+01  0.72000000E+00  0.20000000E+01      10
HIE HE1   0.26385890E+01  0.15000000E-01  0.13590000E+01  0.13000000E+01  0.85000000E+00  0.20000000E+01      11
HIE NE2  -0.48653541E+01  0.17000000E+00  0.18240000E+01  0.15500000E+01  0.79000000E+00  0.20000000E+01      12
HIE HE2   0.60479814E+01  0.15700000E-01  0.60000000E+00  0.13000000E+01  0.85000000E+00  0.20000000E+01      13
HIE CD2  -0.47159312E+01  0.86000000E-01  0.19080000E+01  0.17000000E+01  0.72000000E+00  0.20000000E+01      14
HIE HD2   0.35661041E+01  0.15000000E-01  0.14090000E+01  0.13000000E+01  0.85000000E+00  0.20000000E+01      15
HIE C     0.14424773E+02  0.86000000E-01  0.19080000E+01  0.17000000E+01  0.72000000E+00  0.10000000E+01      16
HIE O    -0.14696285E+02  0.21000000E+00  0.16612000E+01  0.15000000E+01  0.85000000E+00  0.10000000E+01      17
HIE OXT  -0.14696285E+02  0.21000000E+00  0.16612000E+01  0.15000000E+01  0.85000000E+00  0.10000000E+01      18