          %CHARGE         %LJ EPSILON     %LJ C_RADII     %GB_RADII       %SCREEN        %DIELECTRIC        %ATOM INDEX
HIP N    -0.63431826E+01  0.17000000E+00  0.18240000E+01  0.15500000E+01  0.79000000E+00  0.10000000E+01       1
HIP H     0.50366437E+01  0.15700000E-01  0.60000000E+00  0.13000000E+01  0.85000000E+00  0.10000000E+01       2
HIP CA   -0.26331223E+01  0.10940000E+00  0.19080000E+01  0.17000000E+01  0.72000000E+00  0.10000000E+01       3
HIP HA    0.20317864E+01  0.15700000E-01  0.13870000E+01  0.13000000E+01  0.85000000E+00  0.10000000E+01       4
HIP CB   -0.14577840E+01  0.10940000E+00  0.19080000E+01  0.17000000E+01  0.72000000E+00  0.20000000E+01       5
HIP HB2   0.15816956E+01  0.15700000E-01  0.14870000E+01  0.13000000E+01  0.85000000E+00  0.20000000E+01       6
HIP HB3   0.15816956E+01  0.15700000E-01  0.14870000E+01  0.13000000E+01  0.85000000E+00  0.20000000E+01       7
HIP CG    0.54302454E+00  0.86000000E-01  0.19080000E+01  0.17000000E+01  0.72000000E+00  0.20000000E+01       8
HIP ND1  -0.27351672E+01  0.17000000E+00  0.18240000E+01  0.15500000E+01  0.79000000E+00  0.20000000E+01       9
HIP HD1   0.70757191E+01  0.15700000E-01  0.60000000E+00  0.13000000E+01  0.85000000E+00  0.20000000E+01      10
HIP CE1  -0.45737973E+00  0.86000000E-01  0.19080000E+01  0.17000000E+01  0.72000000E+00  0.20000000E+01      11
HIP HE1   0.49090876E+01  0.15000000E-01  0.13590000E+01  0.13000000E+01  0.85000000E+00  0.20000000E+01      12
HIP NE2  -0.30668131E+01  0.17000000E+00  0.18240000E+01  0.15500000E+01  0.79000000E+00  0.20000000E+01      13
HIP HE2   0.71303860E+01  0.15700000E-01  0.60000000E+00  0.13000000E+01  0.85000000E+00  0.20000000E+01      14
HIP CD2  -0.22887209E+01  0.86000000E-01  0.19080000E+01  0.17000000E+01  0.72000000E+00  0.20000000E+01      15
HIP HD2   0.42567293E+01  0.15000000E-01  0.14090000E+01  0.13000000E+01  0.85000000E+00  0.20000000E+01      16
HIP C     0.14636151E+02  0.86000000E-01  0.19080000E+01  0.17000000E+01  0.72000000E+00  0.10000000E+01      17
HIP O    -0.14900375E+02  0.21000000E+00  0.16612000E+01  0.15000000E+01  0.85000000E+00  0.10000000E+01      18
HIP OXT  -0.14900375E+02  0.21000000E+00  0.16612000E+01  0.15000000E+01  0.85000000E+00  0.10000000E+01      19