          %CHARGE         %LJ EPSILON     %LJ C_RADII     %GB_RADII       %SCREEN        %DIELECTRIC        %ATOM INDEX
THR N    -0.69627408E+01  0.17000000E+00  0.18240001E+01  0.15500000E+01  0.79000000E+00  0.10000000E+01       1
THR H     0.48853986E+01  0.15700000E-01  0.60000000E+00  0.13000000E+01  0.85000000E+00  0.10000000E+01       2
THR CA   -0.44097966E+01  0.10940000E+00  0.19080001E+01  0.17000000E+01  0.72000000E+00  0.10000000E+01       3
THR HA    0.21994316E+01  0.15700000E-01  0.13870000E+01  0.13000000E+01  0.85000000E+00  0.10000000E+01       4
THR CB    0.55122457E+01  0.10940000E+00  0.19080001E+01  0.17000000E+01  0.72000000E+00  0.10000000E+01       5
THR HB    0.14213394E+00  0.15700000E-01  0.13870000E+01  0.13000000E+01  0.85000000E+00  0.10000000E+01       6
THR CG2  -0.33765922E+01  0.10940000E+00  0.19080001E+01  0.17000000E+01  0.72000000E+00  0.10000000E+01       7
THR HG21  0.10678268E+01  0.15700000E-01  0.14870000E+01  0.13000000E+01  0.85000000E+00  0.10000000E+01       8
THR HG22  0.10678268E+01  0.15700000E-01  0.14870000E+01  0.13000000E+01  0.85000000E+00  0.10000000E+01       9
THR HG23  0.10678268E+01  0.15700000E-01  0.14870000E+01  0.13000000E+01  0.85000000E+00  0.10000000E+01      10
THR OG1  -0.11837206E+02  0.21040000E+00  0.17210001E+01  0.15000000E+01  0.85000000E+00  0.10000000E+01      11
THR HG1   0.75057654E+01  0.15700000E-01  0.60000000E+00  0.80000000E+00  0.85000000E+00  0.10000000E+01      12
THR C     0.14231616E+02  0.86000000E-01  0.19080001E+01  0.17000000E+01  0.72000000E+00  0.10000000E+01      13
THR O    -0.14658018E+02  0.21000000E+00  0.16612001E+01  0.15000000E+01  0.85000000E+00  0.10000000E+01      14
THR OXT  -0.14658018E+02  0.21000000E+00  0.16612001E+01  0.15000000E+01  0.85000000E+00  0.10000000E+01      15
THR 1HG2  0.10678268E+01  0.15700000E-01  0.14870000E+01  0.13000000E+01  0.85000000E+00  0.10000000E+01       8
THR 2HG2  0.10678268E+01  0.15700000E-01  0.14870000E+01  0.13000000E+01  0.85000000E+00  0.10000000E+01       9
THR 3HG2  0.10678268E+01  0.15700000E-01  0.14870000E+01  0.13000000E+01  0.85000000E+00  0.10000000E+01      10