          %CHARGE         %LJ EPSILON     %LJ C_RADII     %GB_RADII       %SCREEN        %DIELECTRIC        %ATOM INDEX
TYX N    -0.13646681E+02  0.17000000E+00  0.18240000E+01  0.15500000E+01  0.79000000E+00  0.10000000E+01       1
TYX H     0.51787777E+01  0.15700000E-01  0.60000000E+00  0.13000000E+01  0.85000000E+00  0.10000000E+01       2
TYX CA    0.87977264E+01  0.10940000E+00  0.19080000E+01  0.17000000E+01  0.72000000E+00  0.10000000E+01       3
TYX HA   -0.19680084E+01  0.15700000E-01  0.13870000E+01  0.13000000E+01  0.85000000E+00  0.10000000E+01       4
TYX CB   -0.25000996E+01  0.10940000E+00  0.19080000E+01  0.17000000E+01  0.72000000E+00  0.20000000E+01       5
TYX HB2  -0.91111500E-02  0.15700000E-01  0.14870000E+01  0.13000000E+01  0.85000000E+00  0.20000000E+01       6
TYX HB3  -0.91111500E-02  0.15700000E-01  0.14870000E+01  0.13000000E+01  0.85000000E+00  0.20000000E+01       7
TYX CG    0.88013709E+00  0.86000000E-01  0.19080000E+01  0.17000000E+01  0.72000000E+00  0.20000000E+01       8
TYX CD1  -0.36827268E+01  0.86000000E-01  0.19080000E+01  0.17000000E+01  0.72000000E+00  0.20000000E+01       9
TYX HD1   0.18714302E+01  0.15000000E-01  0.14590000E+01  0.13000000E+01  0.85000000E+00  0.20000000E+01      10
TYX CE1  -0.67477177E+01  0.86000000E-01  0.19080000E+01  0.17000000E+01  0.72000000E+00  0.20000000E+01      11
TYX HE1   0.13776059E+01  0.15000000E-01  0.14590000E+01  0.13000000E+01  0.85000000E+00  0.20000000E+01      12
TYX CZ    0.10013154E+02  0.86000000E-01  0.19080000E+01  0.17000000E+01  0.72000000E+00  0.20000000E+01      13
TYX OH   -0.13674014E+02  0.21000000E+00  0.16612000E+01  0.15000000E+01  0.85000000E+00  0.20000000E+01      14
TYX CE2  -0.67477177E+01  0.86000000E-01  0.19080000E+01  0.17000000E+01  0.72000000E+00  0.20000000E+01      15
TYX HE2   0.13776059E+01  0.15000000E-01  0.14590000E+01  0.13000000E+01  0.85000000E+00  0.20000000E+01      16
TYX CD2  -0.36827268E+01  0.86000000E-01  0.19080000E+01  0.17000000E+01  0.72000000E+00  0.20000000E+01      17
TYX HD2   0.18714302E+01  0.15000000E-01  0.14590000E+01  0.13000000E+01  0.85000000E+00  0.20000000E+01      18
TYX C     0.11864539E+02  0.86000000E-01  0.19080000E+01  0.17000000E+01  0.72000000E+00  0.10000000E+01      19
TYX O    -0.13504547E+02  0.21000000E+00  0.16612000E+01  0.15000000E+01  0.85000000E+00  0.10000000E+01      20
TYX OXT  -0.13504547E+02  0.21000000E+00  0.16612000E+01  0.15000000E+01  0.85000000E+00  0.10000000E+01      21