          %CHARGE         %LJ EPSILON     %LJ C_RADII     %GB_RADII       %SCREEN        %DIELECTRIC        %ATOM INDEX
GLH N    -0.75750101E+01  0.17000000E+00  0.18240000E+01  0.15500000E+01  0.79000000E+00  0.10000000E+01       1
GLH H     0.49546434E+01  0.15700000E-01  0.60000000E+00  0.13000000E+01  0.85000000E+00  0.10000000E+01       2
GLH CA    0.26422335E+00  0.10940000E+00  0.19080000E+01  0.17000000E+01  0.72000000E+00  0.10000000E+01       3
GLH HA    0.14195172E+01  0.15700000E-01  0.14870000E+01  0.13000000E+01  0.85000000E+00  0.10000000E+01       4
GLH CB   -0.12937833E+00  0.10940000E+00  0.19080000E+01  0.17000000E+01  0.72000000E+00  0.10000000E+01       5
GLH HB2   0.46649088E+00  0.15700000E-01  0.14870000E+01  0.13000000E+01  0.85000000E+00  0.10000000E+01       6
GLH HB3   0.46649088E+00  0.15700000E-01  0.14870000E+01  0.13000000E+01  0.85000000E+00  0.10000000E+01       7
GLH CG   -0.31706802E+00  0.10940000E+00  0.19080000E+01  0.17000000E+01  0.72000000E+00  0.10000000E+01       8
GLH HG2   0.78355890E+00  0.15700000E-01  0.14870000E+01  0.13000000E+01  0.85000000E+00  0.10000000E+01       9
GLH HG3   0.78355890E+00  0.15700000E-01  0.14870000E+01  0.13000000E+01  0.85000000E+00  0.10000000E+01      10
GLH CD    0.12392986E+02  0.86000000E-01  0.19080000E+01  0.17000000E+01  0.72000000E+00  0.10000000E+01      11
GLH OE1  -0.10638179E+02  0.21000000E+00  0.16612000E+01  0.15000000E+01  0.85000000E+00  0.10000000E+01      12
GLH OE2  -0.11864539E+02  0.21040000E+00  0.17210000E+01  0.15000000E+01  0.85000000E+00  0.10000000E+01      13
GLH HE2   0.84569694E+01  0.15700000E-01  0.13870000E+01  0.80000000E+00  0.85000000E+00  0.10000000E+01      14
GLH C     0.10884180E+02  0.86000000E-01  0.19080000E+01  0.17000000E+01  0.72000000E+00  0.10000000E+01      15
GLH O    -0.10348444E+02  0.21000000E+00  0.16612000E+01  0.15000000E+01  0.85000000E+00  0.10000000E+01      16