          %CHARGE         %LJ EPSILON     %LJ C_RADII     %GB_RADII       %SCREEN        %DIELECTRIC        %ATOM INDEX
LYS N    -0.63395382E+01  0.17000000E+00  0.18240000E+01  0.15500000E+01  0.79000000E+00  0.10000000E+01       1
LYS H     0.50056658E+01  0.15700000E-01  0.60000000E+00  0.13000000E+01  0.85000000E+00  0.10000000E+01       2
LYS CA   -0.43733520E+01  0.10940000E+00  0.19080000E+01  0.17000000E+01  0.72000000E+00  0.10000000E+01       3
LYS HA    0.25985000E+01  0.15700000E-01  0.14870000E+01  0.13000000E+01  0.85000000E+00  0.10000000E+01       4
LYS CB   -0.17128962E+00  0.10940000E+00  0.19080000E+01  0.17000000E+01  0.72000000E+00  0.40000000E+01       5
LYS HB2   0.65964726E+00  0.15700000E-01  0.14870000E+01  0.13000000E+01  0.85000000E+00  0.40000000E+01       6
LYS HB3   0.65964726E+00  0.15700000E-01  0.14870000E+01  0.13000000E+01  0.85000000E+00  0.40000000E+01       7
LYS CG    0.34075701E+00  0.10940000E+00  0.19080000E+01  0.17000000E+01  0.72000000E+00  0.40000000E+01       8
LYS HG2   0.18768969E+00  0.15700000E-01  0.14870000E+01  0.13000000E+01  0.85000000E+00  0.40000000E+01       9
LYS HG3   0.18768969E+00  0.15700000E-01  0.14870000E+01  0.13000000E+01  0.85000000E+00  0.40000000E+01      10
LYS CD   -0.87284817E+00  0.10940000E+00  0.19080000E+01  0.17000000E+01  0.72000000E+00  0.40000000E+01      11
LYS HD2   0.11316048E+01  0.15700000E-01  0.14870000E+01  0.13000000E+01  0.85000000E+00  0.40000000E+01      12
LYS HD3   0.11316048E+01  0.15700000E-01  0.14870000E+01  0.13000000E+01  0.85000000E+00  0.40000000E+01      13
LYS CE   -0.26057889E+00  0.10940000E+00  0.19080000E+01  0.17000000E+01  0.72000000E+00  0.40000000E+01      14
LYS HE2   0.20682311E+01  0.15700000E-01  0.11000000E+01  0.13000000E+01  0.85000000E+00  0.40000000E+01      15
LYS HE3   0.20682311E+01  0.15700000E-01  0.11000000E+01  0.13000000E+01  0.85000000E+00  0.40000000E+01      16
LYS NZ   -0.70228744E+01  0.17000000E+00  0.18240000E+01  0.15500000E+01  0.79000000E+00  0.40000000E+01      17
LYS HZ1   0.61955820E+01  0.15700000E-01  0.60000000E+00  0.13000000E+01  0.85000000E+00  0.40000000E+01      18
LYS HZ2   0.61955820E+01  0.15700000E-01  0.60000000E+00  0.13000000E+01  0.85000000E+00  0.40000000E+01      19
LYS HZ3   0.61955820E+01  0.15700000E-01  0.60000000E+00  0.13000000E+01  0.85000000E+00  0.40000000E+01      20
LYS C     0.13376990E+02  0.86000000E-01  0.19080000E+01  0.17000000E+01  0.72000000E+00  0.10000000E+01      21
LYS O    -0.10740224E+02  0.21000000E+00  0.16612000E+01  0.15000000E+01  0.85000000E+00  0.10000000E+01      22