          %CHARGE         %LJ EPSILON     %LJ C_RADII     %GB_RADII       %SCREEN        %DIELECTRIC        %ATOM INDEX
ALA N     0.25766332E+01  0.17000000E+00  0.18240000E+01  0.15500000E+01  0.79000000E+00  0.10000000E+01       1
ALA H1    0.36389933E+01  0.15700000E-01  0.60000000E+00  0.13000000E+01  0.85000000E+00  0.10000000E+01       2
ALA H2    0.36389933E+01  0.15700000E-01  0.60000000E+00  0.13000000E+01  0.85000000E+00  0.10000000E+01       3
ALA H3    0.36389933E+01  0.15700000E-01  0.60000000E+00  0.13000000E+01  0.85000000E+00  0.10000000E+01       4
ALA CA    0.17529853E+01  0.10940000E+00  0.19080000E+01  0.17000000E+01  0.72000000E+00  0.10000000E+01       5
ALA HA    0.16199625E+01  0.15700000E-01  0.11000000E+01  0.13000000E+01  0.85000000E+00  0.10000000E+01       6
ALA CB   -0.10878713E+01  0.10940000E+00  0.19080000E+01  0.17000000E+01  0.72000000E+00  0.10000000E+01       7
ALA HB1   0.54666900E+00  0.15700000E-01  0.14870000E+01  0.13000000E+01  0.85000000E+00  0.10000000E+01       8
ALA HB2   0.54666900E+00  0.15700000E-01  0.14870000E+01  0.13000000E+01  0.85000000E+00  0.10000000E+01       9
ALA HB3   0.54666900E+00  0.15700000E-01  0.14870000E+01  0.13000000E+01  0.85000000E+00  0.10000000E+01      10
ALA C     0.11230403E+02  0.86000000E-01  0.19080000E+01  0.17000000E+01  0.72000000E+00  0.10000000E+01      11
ALA O    -0.10426800E+02  0.21000000E+00  0.16612000E+01  0.15000000E+01  0.85000000E+00  0.10000000E+01      12