          %CHARGE         %LJ EPSILON     %LJ C_RADII     %GB_RADII       %SCREEN        %DIELECTRIC        %ATOM INDEX
ARG N     0.23780102E+01  0.17000000E+00  0.18240000E+01  0.15500000E+01  0.79000000E+00  0.10000000E+01       1
ARG H1    0.37957051E+01  0.15700000E-01  0.60000000E+00  0.13000000E+01  0.85000000E+00  0.10000000E+01       2
ARG H2    0.37957051E+01  0.15700000E-01  0.60000000E+00  0.13000000E+01  0.85000000E+00  0.10000000E+01       3
ARG H3    0.37957051E+01  0.15700000E-01  0.60000000E+00  0.13000000E+01  0.85000000E+00  0.10000000E+01       4
ARG CA   -0.40635729E+00  0.10940000E+00  0.19080000E+01  0.17000000E+01  0.72000000E+00  0.10000000E+01       5
ARG HA    0.22632097E+01  0.15700000E-01  0.11000000E+01  0.13000000E+01  0.85000000E+00  0.10000000E+01       6
ARG CB    0.21502314E+00  0.10940000E+00  0.19080000E+01  0.17000000E+01  0.72000000E+00  0.20000000E+01       7
ARG HB2   0.41182398E+00  0.15700000E-01  0.14870000E+01  0.13000000E+01  0.85000000E+00  0.20000000E+01       8
ARG HB3   0.41182398E+00  0.15700000E-01  0.14870000E+01  0.13000000E+01  0.85000000E+00  0.20000000E+01       9
ARG CG    0.43004628E+00  0.10940000E+00  0.19080000E+01  0.17000000E+01  0.72000000E+00  0.20000000E+01      10
ARG HG2   0.56306907E+00  0.15700000E-01  0.14870000E+01  0.13000000E+01  0.85000000E+00  0.20000000E+01      11
ARG HG3   0.56306907E+00  0.15700000E-01  0.14870000E+01  0.13000000E+01  0.85000000E+00  0.20000000E+01      12
ARG CD    0.17037851E+01  0.10940000E+00  0.19080000E+01  0.17000000E+01  0.72000000E+00  0.20000000E+01      13
ARG HD2   0.96031521E+00  0.15700000E-01  0.13870000E+01  0.13000000E+01  0.85000000E+00  0.20000000E+01      14
ARG HD3   0.96031521E+00  0.15700000E-01  0.13870000E+01  0.13000000E+01  0.85000000E+00  0.20000000E+01      15
ARG NE   -0.10295599E+02  0.17000000E+00  0.18240000E+01  0.15500000E+01  0.79000000E+00  0.20000000E+01      16
ARG HE    0.65454502E+01  0.15700000E-01  0.60000000E+00  0.13000000E+01  0.85000000E+00  0.20000000E+01      17
ARG CZ    0.15089887E+02  0.86000000E-01  0.19080000E+01  0.17000000E+01  0.72000000E+00  0.20000000E+01      18
ARG NH1  -0.15840645E+02  0.17000000E+00  0.18240000E+01  0.15500000E+01  0.79000000E+00  0.20000000E+01      19
ARG HH11  0.81891016E+01  0.15700000E-01  0.60000000E+00  0.13000000E+01  0.85000000E+00  0.20000000E+01      20
ARG HH12  0.81891016E+01  0.15700000E-01  0.60000000E+00  0.13000000E+01  0.85000000E+00  0.20000000E+01      21
ARG NH2  -0.15840645E+02  0.17000000E+00  0.18240000E+01  0.15500000E+01  0.79000000E+00  0.20000000E+01      22
ARG HH21  0.81891016E+01  0.15700000E-01  0.60000000E+00  0.13000000E+01  0.85000000E+00  0.20000000E+01      23
ARG HH22  0.81891016E+01  0.15700000E-01  0.60000000E+00  0.13000000E+01  0.85000000E+00  0.20000000E+01      24
ARG C     0.13145567E+02  0.86000000E-01  0.19080000E+01  0.17000000E+01  0.72000000E+00  0.10000000E+01      25
ARG O    -0.10957069E+02  0.21000000E+00  0.16612000E+01  0.15000000E+01  0.85000000E+00  0.10000000E+01      26
ARG 1HH1  0.81891016E+01  0.15700000E-01  0.60000000E+00  0.13000000E+01  0.85000000E+00  0.20000000E+01      20
ARG 2HH1  0.81891016E+01  0.15700000E-01  0.60000000E+00  0.13000000E+01  0.85000000E+00  0.20000000E+01      21
ARG 1HH2  0.81891016E+01  0.15700000E-01  0.60000000E+00  0.13000000E+01  0.85000000E+00  0.20000000E+01      23
ARG 2HH2  0.81891016E+01  0.15700000E-01  0.60000000E+00  0.13000000E+01  0.85000000E+00  0.20000000E+01      24