          %CHARGE         %LJ EPSILON     %LJ C_RADII     %GB_RADII       %SCREEN        %DIELECTRIC        %ATOM INDEX
ASP N     0.14249839E+01  0.17000000E+00  0.18240000E+01  0.15500000E+01  0.79000000E+00  0.10000000E+01       1
ASP H1    0.40089060E+01  0.15700000E-01  0.60000000E+00  0.13000000E+01  0.85000000E+00  0.10000000E+01       2
ASP H2    0.40089060E+01  0.15700000E-01  0.60000000E+00  0.13000000E+01  0.85000000E+00  0.10000000E+01       3
ASP H3    0.40089060E+01  0.15700000E-01  0.60000000E+00  0.13000000E+01  0.85000000E+00  0.10000000E+01       4
ASP CA    0.53209116E+00  0.10940000E+00  0.19080000E+01  0.17000000E+01  0.72000000E+00  0.10000000E+01       5
ASP HA    0.20791644E+01  0.15700000E-01  0.11000000E+01  0.13000000E+01  0.85000000E+00  0.10000000E+01       6
ASP CB   -0.42822405E+00  0.10940000E+00  0.19080000E+01  0.17000000E+01  0.72000000E+00  0.20000000E+01       7
ASP HB2  -0.30795687E+00  0.15700000E-01  0.14870000E+01  0.13000000E+01  0.85000000E+00  0.20000000E+01       8
ASP HB3  -0.30795687E+00  0.15700000E-01  0.14870000E+01  0.13000000E+01  0.85000000E+00  0.20000000E+01       9
ASP CG    0.14931353E+02  0.86000000E-01  0.19080000E+01  0.17000000E+01  0.72000000E+00  0.20000000E+01      10
ASP OD1  -0.14730907E+02  0.21000000E+00  0.16612000E+01  0.15000000E+01  0.85000000E+00  0.20000000E+01      11
ASP OD2  -0.14730907E+02  0.21000000E+00  0.16612000E+01  0.15000000E+01  0.85000000E+00  0.20000000E+01      12
ASP C     0.10242755E+02  0.86000000E-01  0.19080000E+01  0.17000000E+01  0.72000000E+00  0.10000000E+01      13
ASP O    -0.10731113E+02  0.21000000E+00  0.16612000E+01  0.15000000E+01  0.85000000E+00  0.10000000E+01      14