          %CHARGE         %LJ EPSILON     %LJ C_RADII     %GB_RADII       %SCREEN        %DIELECTRIC        %ATOM INDEX
CYT N    -0.34695259E+01  0.17000000E+00  0.18240000E+01  0.15500000E+01  0.79000000E+00  0.10000000E+01       1
CYT H1    0.42713071E+01  0.15700000E-01  0.60000000E+00  0.13000000E+01  0.85000000E+00  0.10000000E+01       2
CYT H2    0.42713071E+01  0.15700000E-01  0.60000000E+00  0.13000000E+01  0.85000000E+00  0.10000000E+01       3
CYT H3    0.42713071E+01  0.15700000E-01  0.60000000E+00  0.13000000E+01  0.85000000E+00  0.10000000E+01       4
CYT CA    0.78119000E+01  0.10940000E+00  0.19080000E+01  0.17000000E+01  0.72000000E+00  0.10000000E+01       5
CYT HA    0.32071248E+00  0.15700000E-01  0.11000000E+01  0.13000000E+01  0.85000000E+00  0.10000000E+01       6
CYT CB   -0.89562605E+01  0.10940000E+00  0.19080000E+01  0.17000000E+01  0.72000000E+00  0.20000000E+01       7
CYT HB2   0.31998359E+01  0.15700000E-01  0.13870000E+01  0.13000000E+01  0.85000000E+00  0.20000000E+01       8
CYT HB3   0.31998359E+01  0.15700000E-01  0.13870000E+01  0.13000000E+01  0.85000000E+00  0.20000000E+01       9
CYT SG   -0.92769729E+01  0.25000000E+00  0.20000000E+01  0.18000000E+01  0.96000000E+00  0.20000000E+01      10
CYT C    -0.15106287E+01  0.86000000E-01  0.19080000E+01  0.17000000E+01  0.72000000E+00  0.10000000E+01      11
CYT O    -0.41328176E+01  0.21000000E+00  0.16612000E+01  0.15000000E+01  0.85000000E+00  0.10000000E+01      12