          %CHARGE         %LJ EPSILON     %LJ C_RADII     %GB_RADII       %SCREEN        %DIELECTRIC        %ATOM INDEX
GLU N     0.30977910E-01  0.17000000E+00  0.18240000E+01  0.15500000E+01  0.79000000E+00  0.10000000E+01       1
GLU H1    0.43569519E+01  0.15700000E-01  0.60000000E+00  0.13000000E+01  0.85000000E+00  0.10000000E+01       2
GLU H2    0.43569519E+01  0.15700000E-01  0.60000000E+00  0.13000000E+01  0.85000000E+00  0.10000000E+01       3
GLU H3    0.43569519E+01  0.15700000E-01  0.60000000E+00  0.13000000E+01  0.85000000E+00  0.10000000E+01       4
GLU CA    0.10714712E+01  0.10940000E+00  0.19080000E+01  0.17000000E+01  0.72000000E+00  0.10000000E+01       5
GLU HA    0.21903205E+01  0.15700000E-01  0.11000000E+01  0.13000000E+01  0.85000000E+00  0.10000000E+01       6
GLU CB    0.16564071E+01  0.10940000E+00  0.19080000E+01  0.17000000E+01  0.72000000E+00  0.30000000E+01       7
GLU HB2  -0.42275736E+00  0.15700000E-01  0.14870000E+01  0.13000000E+01  0.85000000E+00  0.30000000E+01       8
GLU HB3  -0.42275736E+00  0.15700000E-01  0.14870000E+01  0.13000000E+01  0.85000000E+00  0.30000000E+01       9
GLU CG   -0.43004628E+00  0.10940000E+00  0.19080000E+01  0.17000000E+01  0.72000000E+00  0.30000000E+01      10
GLU HG2  -0.57400245E+00  0.15700000E-01  0.14870000E+01  0.13000000E+01  0.85000000E+00  0.30000000E+01      11
GLU HG3  -0.57400245E+00  0.15700000E-01  0.14870000E+01  0.13000000E+01  0.85000000E+00  0.30000000E+01      12
GLU CD    0.14736374E+02  0.86000000E-01  0.19080000E+01  0.17000000E+01  0.72000000E+00  0.30000000E+01      13
GLU OE1  -0.14922242E+02  0.21000000E+00  0.16612000E+01  0.15000000E+01  0.85000000E+00  0.30000000E+01      14
GLU OE2  -0.14922242E+02  0.21000000E+00  0.16612000E+01  0.15000000E+01  0.85000000E+00  0.30000000E+01      15
GLU C     0.10242755E+02  0.86000000E-01  0.19080000E+01  0.17000000E+01  0.72000000E+00  0.10000000E+01      16
GLU O    -0.10731113E+02  0.21000000E+00  0.16612000E+01  0.15000000E+01  0.85000000E+00  0.10000000E+01      17