          %CHARGE         %LJ EPSILON     %LJ C_RADII     %GB_RADII       %SCREEN        %DIELECTRIC        %ATOM INDEX
HIP N     0.46649088E+01  0.17000000E+00  0.18240000E+01  0.15500000E+01  0.79000000E+00  0.10000000E+01       1
HIP H1    0.31050799E+01  0.15700000E-01  0.60000000E+00  0.13000000E+01  0.85000000E+00  0.10000000E+01       2
HIP H2    0.31050799E+01  0.15700000E-01  0.60000000E+00  0.13000000E+01  0.85000000E+00  0.10000000E+01       3
HIP H3    0.31050799E+01  0.15700000E-01  0.60000000E+00  0.13000000E+01  0.85000000E+00  0.10000000E+01       4
HIP CA    0.10587156E+01  0.10940000E+00  0.19080000E+01  0.17000000E+01  0.72000000E+00  0.10000000E+01       5
HIP HA    0.19078748E+01  0.15700000E-01  0.11000000E+01  0.13000000E+01  0.85000000E+00  0.10000000E+01       6
HIP CB    0.88195932E+00  0.10940000E+00  0.19080000E+01  0.17000000E+01  0.72000000E+00  0.20000000E+01       7
HIP HB2   0.96760413E+00  0.15700000E-01  0.14870000E+01  0.13000000E+01  0.85000000E+00  0.20000000E+01       8
HIP HB3   0.96760413E+00  0.15700000E-01  0.14870000E+01  0.13000000E+01  0.85000000E+00  0.20000000E+01       9
HIP CG   -0.43004628E+00  0.86000000E-01  0.19080000E+01  0.17000000E+01  0.72000000E+00  0.20000000E+01      10
HIP ND1  -0.27515673E+01  0.17000000E+00  0.18240000E+01  0.15500000E+01  0.79000000E+00  0.20000000E+01      11
HIP HD1   0.69627408E+01  0.15700000E-01  0.60000000E+00  0.13000000E+01  0.85000000E+00  0.20000000E+01      12
HIP CE1  -0.20044530E-01  0.86000000E-01  0.19080000E+01  0.17000000E+01  0.72000000E+00  0.20000000E+01      13
HIP HE1   0.48197984E+01  0.15000000E-01  0.13590000E+01  0.13000000E+01  0.85000000E+00  0.20000000E+01      14
HIP NE2  -0.31688580E+01  0.17000000E+00  0.18240000E+01  0.15500000E+01  0.79000000E+00  0.20000000E+01      15
HIP HE2   0.71449638E+01  0.15700000E-01  0.60000000E+00  0.13000000E+01  0.85000000E+00  0.20000000E+01      16
HIP CD2  -0.26112556E+01  0.86000000E-01  0.19080000E+01  0.17000000E+01  0.72000000E+00  0.20000000E+01      17
HIP HD2   0.45464639E+01  0.15000000E-01  0.14090000E+01  0.13000000E+01  0.85000000E+00  0.20000000E+01      18
HIP C     0.13145567E+02  0.86000000E-01  0.19080000E+01  0.17000000E+01  0.72000000E+00  0.10000000E+01      19
HIP O    -0.10957069E+02  0.21000000E+00  0.16612000E+01  0.15000000E+01  0.85000000E+00  0.10000000E+01      20