          %CHARGE         %LJ EPSILON     %LJ C_RADII     %GB_RADII       %SCREEN        %DIELECTRIC        %ATOM INDEX
LYS N     0.17602742E+01  0.17000000E+00  0.18240001E+01  0.15500000E+01  0.79000000E+00  0.10000000E+01       1
LYS H1    0.39451279E+01  0.15700000E-01  0.60000000E+00  0.13000000E+01  0.85000000E+00  0.10000000E+01       2
LYS H2    0.39451279E+01  0.15700000E-01  0.60000000E+00  0.13000000E+01  0.85000000E+00  0.10000000E+01       3
LYS H3    0.39451279E+01  0.15700000E-01  0.60000000E+00  0.13000000E+01  0.85000000E+00  0.10000000E+01       4
LYS CA   -0.27333450E-01  0.10940000E+00  0.19080001E+01  0.17000000E+01  0.72000000E+00  0.10000000E+01       5
LYS HA    0.21502314E+01  0.15700000E-01  0.11000000E+01  0.13000000E+01  0.85000000E+00  0.10000000E+01       6
LYS CB    0.38631276E+00  0.10940000E+00  0.19080001E+01  0.17000000E+01  0.72000000E+00  0.40000000E+01       7
LYS HB2   0.51569109E+00  0.15700000E-01  0.14870000E+01  0.13000000E+01  0.85000000E+00  0.40000000E+01       8
LYS HB3   0.51569109E+00  0.15700000E-01  0.14870000E+01  0.13000000E+01  0.85000000E+00  0.40000000E+01       9
LYS CG   -0.87467040E-01  0.10940000E+00  0.19080001E+01  0.17000000E+01  0.72000000E+00  0.40000000E+01      10
LYS HG2   0.22048983E+00  0.15700000E-01  0.14870000E+01  0.13000000E+01  0.85000000E+00  0.40000000E+01      11
LYS HG3   0.22048983E+00  0.15700000E-01  0.14870000E+01  0.13000000E+01  0.85000000E+00  0.40000000E+01      12
LYS CD   -0.11079158E+01  0.10940000E+00  0.19080001E+01  0.17000000E+01  0.72000000E+00  0.40000000E+01      13
LYS HD2   0.11534716E+01  0.15700000E-01  0.14870000E+01  0.13000000E+01  0.85000000E+00  0.40000000E+01      14
LYS HD3   0.11534716E+01  0.15700000E-01  0.14870000E+01  0.13000000E+01  0.85000000E+00  0.40000000E+01      15
LYS CE   -0.32982363E+00  0.10940000E+00  0.19080001E+01  0.17000000E+01  0.72000000E+00  0.40000000E+01      16
LYS HE2   0.21338313E+01  0.15700000E-01  0.11000000E+01  0.13000000E+01  0.85000000E+00  0.40000000E+01      17
LYS HE3   0.21338313E+01  0.15700000E-01  0.11000000E+01  0.13000000E+01  0.85000000E+00  0.40000000E+01      18
LYS NZ   -0.68588737E+01  0.17000000E+00  0.18240001E+01  0.15500000E+01  0.79000000E+00  0.40000000E+01      19
LYS HZ1   0.61627819E+01  0.15700000E-01  0.60000000E+00  0.13000000E+01  0.85000000E+00  0.40000000E+01      20
LYS HZ2   0.61627819E+01  0.15700000E-01  0.60000000E+00  0.13000000E+01  0.85000000E+00  0.40000000E+01      21
LYS HZ3   0.61627819E+01  0.15700000E-01  0.60000000E+00  0.13000000E+01  0.85000000E+00  0.40000000E+01      22
LYS C     0.13145567E+02  0.86000000E-01  0.19080001E+01  0.17000000E+01  0.72000000E+00  0.10000000E+01      23
LYS O    -0.10957069E+02  0.21000000E+00  0.16612001E+01  0.15000000E+01  0.85000000E+00  0.10000000E+01      24