          %CHARGE         %LJ EPSILON     %LJ C_RADII     %GB_RADII       %SCREEN        %DIELECTRIC        %ATOM INDEX
SER N     0.33693033E+01  0.17000000E+00  0.18240001E+01  0.15500000E+01  0.79000000E+00  0.10000000E+01       1
SER H1    0.34585925E+01  0.15700000E-01  0.60000000E+00  0.13000000E+01  0.85000000E+00  0.10000000E+01       2
SER H2    0.34585925E+01  0.15700000E-01  0.60000000E+00  0.13000000E+01  0.85000000E+00  0.10000000E+01       3
SER H3    0.34585925E+01  0.15700000E-01  0.60000000E+00  0.13000000E+01  0.85000000E+00  0.10000000E+01       4
SER CA    0.10332044E+01  0.10940000E+00  0.19080001E+01  0.17000000E+01  0.72000000E+00  0.10000000E+01       5
SER HA    0.14249839E+01  0.15700000E-01  0.11000000E+01  0.13000000E+01  0.85000000E+00  0.10000000E+01       6
SER CB    0.47305091E+01  0.10940000E+00  0.19080001E+01  0.17000000E+01  0.72000000E+00  0.10000000E+01       7
SER HB2   0.49746879E+00  0.15700000E-01  0.13870000E+01  0.13000000E+01  0.85000000E+00  0.10000000E+01       8
SER HB3   0.49746879E+00  0.15700000E-01  0.13870000E+01  0.13000000E+01  0.85000000E+00  0.10000000E+01       9
SER OG   -0.12234452E+02  0.21040000E+00  0.17210001E+01  0.15000000E+01  0.85000000E+00  0.10000000E+01      10
SER HG    0.77244330E+01  0.15700000E-01  0.60000000E+00  0.80000000E+00  0.85000000E+00  0.10000000E+01      11
SER C     0.11230403E+02  0.86000000E-01  0.19080001E+01  0.17000000E+01  0.72000000E+00  0.10000000E+01      12
SER O    -0.10426800E+02  0.21000000E+00  0.16612001E+01  0.15000000E+01  0.85000000E+00  0.10000000E+01      13