          %CHARGE         %LJ EPSILON     %LJ C_RADII     %GB_RADII       %SCREEN        %DIELECTRIC        %ATOM INDEX
THR N     0.33018808E+01  0.17000000E+00  0.18240001E+01  0.15500000E+01  0.79000000E+00  0.10000000E+01       1
THR H1    0.35241928E+01  0.15700000E-01  0.60000000E+00  0.13000000E+01  0.85000000E+00  0.10000000E+01       2
THR H2    0.35241928E+01  0.15700000E-01  0.60000000E+00  0.13000000E+01  0.85000000E+00  0.10000000E+01       3
THR H3    0.35241928E+01  0.15700000E-01  0.60000000E+00  0.13000000E+01  0.85000000E+00  0.10000000E+01       4
THR CA    0.61955820E-01  0.10940000E+00  0.19080001E+01  0.17000000E+01  0.72000000E+00  0.10000000E+01       5
THR HA    0.19807640E+01  0.15700000E-01  0.11000000E+01  0.13000000E+01  0.85000000E+00  0.10000000E+01       6
THR CB    0.82255462E+01  0.10940000E+00  0.19080001E+01  0.17000000E+01  0.72000000E+00  0.10000000E+01       7
THR HB   -0.58858029E+00  0.15700000E-01  0.13870000E+01  0.13000000E+01  0.85000000E+00  0.10000000E+01       8
THR CG2  -0.46539754E+01  0.10940000E+00  0.19080001E+01  0.17000000E+01  0.72000000E+00  0.10000000E+01       9
THR HG21  0.11425382E+01  0.15700000E-01  0.14870000E+01  0.13000000E+01  0.85000000E+00  0.10000000E+01      10
THR HG22  0.11425382E+01  0.15700000E-01  0.14870000E+01  0.13000000E+01  0.85000000E+00  0.10000000E+01      11
THR HG23  0.11425382E+01  0.15700000E-01  0.14870000E+01  0.13000000E+01  0.85000000E+00  0.10000000E+01      12
THR OG1  -0.12325564E+02  0.21040000E+00  0.17210001E+01  0.15000000E+01  0.85000000E+00  0.10000000E+01      13
THR HG1   0.74164761E+01  0.15700000E-01  0.60000000E+00  0.80000000E+00  0.85000000E+00  0.10000000E+01      14
THR C     0.11230403E+02  0.86000000E-01  0.19080001E+01  0.17000000E+01  0.72000000E+00  0.10000000E+01      15
THR O    -0.10426800E+02  0.21000000E+00  0.16612001E+01  0.15000000E+01  0.85000000E+00  0.10000000E+01      16
THR 1HG2  0.11425382E+01  0.15700000E-01  0.14870000E+01  0.13000000E+01  0.85000000E+00  0.10000000E+01      10
THR 2HG2  0.11425382E+01  0.15700000E-01  0.14870000E+01  0.13000000E+01  0.85000000E+00  0.10000000E+01      11
THR 3HG2  0.11425382E+01  0.15700000E-01  0.14870000E+01  0.13000000E+01  0.85000000E+00  0.10000000E+01      12