          %CHARGE         %LJ EPSILON     %LJ C_RADII     %GB_RADII       %SCREEN        %DIELECTRIC        %ATOM INDEX
TRP N     0.34859260E+01  0.17000000E+00  0.18240001E+01  0.15500000E+01  0.79000000E+00  0.10000000E+01       1
TRP H1    0.34403702E+01  0.15700000E-01  0.60000000E+00  0.13000000E+01  0.85000000E+00  0.10000000E+01       2
TRP H2    0.34403702E+01  0.15700000E-01  0.60000000E+00  0.13000000E+01  0.85000000E+00  0.10000000E+01       3
TRP H3    0.34403702E+01  0.15700000E-01  0.60000000E+00  0.13000000E+01  0.85000000E+00  0.10000000E+01       4
TRP CA    0.76715883E+00  0.10940000E+00  0.19080001E+01  0.17000000E+01  0.72000000E+00  0.10000000E+01       5
TRP HA    0.21174313E+01  0.15700000E-01  0.11000000E+01  0.13000000E+01  0.85000000E+00  0.10000000E+01       6
TRP CB    0.98947089E+00  0.10940000E+00  0.19080001E+01  0.17000000E+01  0.72000000E+00  0.10000000E+01       7
TRP HB2   0.40453506E+00  0.15700000E-01  0.14870000E+01  0.13000000E+01  0.85000000E+00  0.10000000E+01       8
TRP HB3   0.40453506E+00  0.15700000E-01  0.14870000E+01  0.13000000E+01  0.85000000E+00  0.10000000E+01       9
TRP CG   -0.30139684E+01  0.86000000E-01  0.19080001E+01  0.17000000E+01  0.72000000E+00  0.10000000E+01      10
TRP CD1  -0.32581472E+01  0.86000000E-01  0.19080001E+01  0.17000000E+01  0.72000000E+00  0.10000000E+01      11
TRP HD1   0.39997948E+01  0.15000000E-01  0.14090000E+01  0.13000000E+01  0.85000000E+00  0.10000000E+01      12
TRP NE1  -0.62757601E+01  0.17000000E+00  0.18240001E+01  0.15500000E+01  0.79000000E+00  0.10000000E+01      13
TRP HE1   0.62174488E+01  0.15700000E-01  0.60000000E+00  0.13000000E+01  0.85000000E+00  0.10000000E+01      14
TRP CE2   0.28700122E+01  0.86000000E-01  0.19080001E+01  0.17000000E+01  0.72000000E+00  0.10000000E+01      15
TRP CZ2  -0.49382433E+01  0.86000000E-01  0.19080001E+01  0.17000000E+01  0.72000000E+00  0.10000000E+01      16
TRP HZ2   0.28955235E+01  0.15000000E-01  0.14590000E+01  0.13000000E+01  0.85000000E+00  0.10000000E+01      17
TRP CH2  -0.19680084E+01  0.86000000E-01  0.19080001E+01  0.17000000E+01  0.72000000E+00  0.10000000E+01      18
TRP HH2   0.25711665E+01  0.15000000E-01  0.14590000E+01  0.13000000E+01  0.85000000E+00  0.10000000E+01      19
TRP CZ3  -0.37064158E+01  0.86000000E-01  0.19080001E+01  0.17000000E+01  0.72000000E+00  0.10000000E+01      20
TRP HZ3   0.26568113E+01  0.15000000E-01  0.14590000E+01  0.13000000E+01  0.85000000E+00  0.10000000E+01      21
TRP CE3  -0.41273510E+01  0.86000000E-01  0.19080001E+01  0.17000000E+01  0.72000000E+00  0.10000000E+01      22
TRP HE3   0.29993906E+01  0.15000000E-01  0.14590000E+01  0.13000000E+01  0.85000000E+00  0.10000000E+01      23
TRP CD2   0.20627644E+01  0.86000000E-01  0.19080001E+01  0.17000000E+01  0.72000000E+00  0.10000000E+01      24
TRP C     0.11157514E+02  0.86000000E-01  0.19080001E+01  0.17000000E+01  0.72000000E+00  0.10000000E+01      25
TRP O    -0.10410400E+02  0.21000000E+00  0.16612001E+01  0.15000000E+01  0.85000000E+00  0.10000000E+01      26