          %CHARGE         %LJ EPSILON     %LJ C_RADII     %GB_RADII       %SCREEN        %DIELECTRIC        %ATOM INDEX
TYX N    -0.66857619E+01  0.17000000E+00  0.18240000E+01  0.15500000E+01  0.79000000E+00  0.10000000E+01       1
TYX H1    0.51532664E+01  0.15700000E-01  0.60000000E+00  0.13000000E+01  0.85000000E+00  0.10000000E+01       2
TYX H2    0.51532664E+01  0.15700000E-01  0.60000000E+00  0.13000000E+01  0.85000000E+00  0.10000000E+01       3
TYX H3    0.51532664E+01  0.15700000E-01  0.60000000E+00  0.13000000E+01  0.85000000E+00  0.10000000E+01       4
TYX CA    0.10188088E+02  0.10940000E+00  0.19080000E+01  0.17000000E+01  0.72000000E+00  0.10000000E+01       5
TYX HA    0.22231206E+00  0.15700000E-01  0.11000000E+01  0.13000000E+01  0.85000000E+00  0.10000000E+01       6
TYX CB   -0.14020238E+02  0.10940000E+00  0.19080000E+01  0.17000000E+01  0.72000000E+00  0.20000000E+01       7
TYX HB2   0.37337493E+01  0.15700000E-01  0.14870000E+01  0.13000000E+01  0.85000000E+00  0.20000000E+01       8
TYX HB3   0.37337493E+01  0.15700000E-01  0.14870000E+01  0.13000000E+01  0.85000000E+00  0.20000000E+01       9
TYX CG    0.74419873E+01  0.86000000E-01  0.19080000E+01  0.17000000E+01  0.72000000E+00  0.20000000E+01      10
TYX CD1  -0.70174077E+01  0.86000000E-01  0.19080000E+01  0.17000000E+01  0.72000000E+00  0.20000000E+01      11
TYX HD1   0.30358352E+01  0.15000000E-01  0.14590000E+01  0.13000000E+01  0.85000000E+00  0.20000000E+01      12
TYX CE1  -0.43004628E+01  0.86000000E-01  0.19080000E+01  0.17000000E+01  0.72000000E+00  0.20000000E+01      13
TYX HE1   0.23306322E+01  0.15000000E-01  0.14590000E+01  0.13000000E+01  0.85000000E+00  0.20000000E+01      14
TYX CZ    0.94992850E+01  0.86000000E-01  0.19080000E+01  0.17000000E+01  0.72000000E+00  0.20000000E+01      15
TYX OH   -0.10461422E+02  0.21000000E+00  0.16612000E+01  0.15000000E+01  0.85000000E+00  0.20000000E+01      16
TYX CE2  -0.43004628E+01  0.86000000E-01  0.19080000E+01  0.17000000E+01  0.72000000E+00  0.20000000E+01      17
TYX HE2   0.23306322E+01  0.15000000E-01  0.14590000E+01  0.13000000E+01  0.85000000E+00  0.20000000E+01      18
TYX CD2  -0.70174077E+01  0.86000000E-01  0.19080000E+01  0.17000000E+01  0.72000000E+00  0.20000000E+01      19
TYX HD2   0.30358352E+01  0.15000000E-01  0.14590000E+01  0.13000000E+01  0.85000000E+00  0.20000000E+01      20
TYX C    -0.31488134E+01  0.86000000E-01  0.19080000E+01  0.17000000E+01  0.72000000E+00  0.10000000E+01      21
TYX O    -0.40599284E+01  0.21000000E+00  0.16612000E+01  0.15000000E+01  0.85000000E+00  0.10000000E+01      22