          %CHARGE         %LJ EPSILON     %LJ C_RADII     %GB_RADII       %SCREEN        %DIELECTRIC        %ATOM INDEX
PHE N    -0.75750101E+01  0.17000000E+00  0.18240000E+01  0.15500000E+01  0.79000000E+00  0.10000000E+01       1
PHE H     0.49546434E+01  0.15700000E-01  0.60000000E+00  0.13000000E+01  0.85000000E+00  0.10000000E+01       2
PHE CA   -0.43733520E-01  0.10940000E+00  0.19080000E+01  0.17000000E+01  0.72000000E+00  0.10000000E+01       3
PHE HA    0.17821409E+01  0.15700000E-01  0.14870000E+01  0.13000000E+01  0.85000000E+00  0.10000000E+01       4
PHE CB   -0.62502489E+00  0.10940000E+00  0.19080000E+01  0.17000000E+01  0.72000000E+00  0.10000000E+01       5
PHE HB2   0.53755785E+00  0.15700000E-01  0.14870000E+01  0.13000000E+01  0.85000000E+00  0.10000000E+01       6
PHE HB3   0.53755785E+00  0.15700000E-01  0.14870000E+01  0.13000000E+01  0.85000000E+00  0.10000000E+01       7
PHE CG    0.21502314E+00  0.86000000E-01  0.19080000E+01  0.17000000E+01  0.72000000E+00  0.10000000E+01       8
PHE CD1  -0.22887209E+01  0.86000000E-01  0.19080000E+01  0.17000000E+01  0.72000000E+00  0.10000000E+01       9
PHE HD1   0.24235659E+01  0.15000000E-01  0.14590000E+01  0.13000000E+01  0.85000000E+00  0.10000000E+01      10
PHE CE1  -0.31050799E+01  0.86000000E-01  0.19080000E+01  0.17000000E+01  0.72000000E+00  0.10000000E+01      11
PHE HE1   0.26057889E+01  0.15000000E-01  0.14590000E+01  0.13000000E+01  0.85000000E+00  0.10000000E+01      12
PHE CZ   -0.19534306E+01  0.86000000E-01  0.19080000E+01  0.17000000E+01  0.72000000E+00  0.10000000E+01      13
PHE HZ    0.23634323E+01  0.15000000E-01  0.14590000E+01  0.13000000E+01  0.85000000E+00  0.10000000E+01      14
PHE CE2  -0.31050799E+01  0.86000000E-01  0.19080000E+01  0.17000000E+01  0.72000000E+00  0.10000000E+01      15
PHE HE2   0.26057889E+01  0.15000000E-01  0.14590000E+01  0.13000000E+01  0.85000000E+00  0.10000000E+01      16
PHE CD2  -0.22887209E+01  0.86000000E-01  0.19080000E+01  0.17000000E+01  0.72000000E+00  0.10000000E+01      17
PHE HD2   0.24235659E+01  0.15000000E-01  0.14590000E+01  0.13000000E+01  0.85000000E+00  0.10000000E+01      18
PHE C     0.10884180E+02  0.86000000E-01  0.19080000E+01  0.17000000E+01  0.72000000E+00  0.10000000E+01      19
PHE O    -0.10348444E+02  0.21000000E+00  0.16612000E+01  0.15000000E+01  0.85000000E+00  0.10000000E+01      20