          %CHARGE         %LJ EPSILON     %LJ C_RADII     %GB_RADII       %SCREEN        %DIELECTRIC        %ATOM INDEX
PSU P     0.19822801E+02  0.20000000E+00  0.21000001E+01  0.18500000E+01  0.86000000E+00  0.40000000E+01       1
PSU O1P  -0.13970308E+02  0.21000000E+00  0.16612001E+01  0.15000000E+01  0.85000000E+00  0.40000000E+01       2
PSU O2P  -0.13970308E+02  0.21000000E+00  0.16612001E+01  0.15000000E+01  0.85000000E+00  0.40000000E+01       3
PSU O5'  -0.85884433E+01  0.17000000E+00  0.16837001E+01  0.15000000E+01  0.85000000E+00  0.10000000E+01       4
PSU C5'   0.11577174E+01  0.10940000E+00  0.19080001E+01  0.17000000E+01  0.72000000E+00  0.10000000E+01       5
PSU 1H5'  0.12558445E+01  0.15700000E-01  0.14870000E+01  0.13000000E+01  0.85000000E+00  0.10000000E+01       6
PSU 2H5'  0.12558445E+01  0.15700000E-01  0.14870000E+01  0.13000000E+01  0.85000000E+00  0.10000000E+01       7
PSU C4'   0.70328967E+00  0.10940000E+00  0.19080001E+01  0.17000000E+01  0.72000000E+00  0.10000000E+01       8
PSU O4'  -0.59628832E+01  0.17000000E+00  0.16837001E+01  0.15000000E+01  0.85000000E+00  0.10000000E+01       9
PSU C1'   0.83746046E+00  0.10940000E+00  0.19080001E+01  0.17000000E+01  0.72000000E+00  0.10000000E+01      10
PSU C2'   0.14113354E+01  0.10940000E+00  0.19080001E+01  0.17000000E+01  0.72000000E+00  0.10000000E+01      11
PSU O2'  -0.10775721E+02  0.21040000E+00  0.17210001E+01  0.15000000E+01  0.85000000E+00  0.10000000E+01      12
PSU 2HO'  0.74737852E+01  0.15700000E-01  0.60000000E+00  0.80000000E+00  0.85000000E+00  0.10000000E+01      13
PSU 1H2'  0.16928881E+01  0.15700000E-01  0.14870000E+01  0.13000000E+01  0.85000000E+00  0.10000000E+01      14
PSU C5   -0.40415421E+01  0.86000000E-01  0.19080001E+01  0.17000000E+01  0.72000000E+00  0.10000000E+01      15
PSU C4    0.12596493E+02  0.86000000E-01  0.19080001E+01  0.17000000E+01  0.72000000E+00  0.10000000E+01      16
PSU O4   -0.10661048E+02  0.21000000E+00  0.16612001E+01  0.15000000E+01  0.85000000E+00  0.10000000E+01      17
PSU N3   -0.76680350E+01  0.17000000E+00  0.18240001E+01  0.15500000E+01  0.79000000E+00  0.10000000E+01      18
PSU C2    0.10697620E+02  0.86000000E-01  0.19080001E+01  0.17000000E+01  0.72000000E+00  0.10000000E+01      19
PSU O2   -0.10439228E+02  0.21000000E+00  0.16612001E+01  0.15000000E+01  0.85000000E+00  0.10000000E+01      20
PSU N1   -0.55005653E+01  0.17000000E+00  0.18240001E+01  0.15500000E+01  0.79000000E+00  0.10000000E+01      21
PSU C6   -0.22010534E+01  0.86000000E-01  0.19080001E+01  0.17000000E+01  0.72000000E+00  0.10000000E+01      22
PSU H6    0.37563085E+01  0.15700000E-01  0.14870000E+01  0.13000000E+01  0.85000000E+00  0.10000000E+01      23
PSU HN1   0.56198849E+01  0.15700000E-01  0.60000000E+00  0.13000000E+01  0.85000000E+00  0.10000000E+01      24
PSU HN3   0.56875260E+01  0.15700000E-01  0.60000000E+00  0.13000000E+01  0.85000000E+00  0.10000000E+01      25
PSU H1'   0.29942337E+01  0.15700000E-01  0.14870000E+01  0.13000000E+01  0.85000000E+00  0.10000000E+01      26
PSU H4'   0.21287473E+01  0.15700000E-01  0.14870000E+01  0.13000000E+01  0.85000000E+00  0.10000000E+01      27
PSU C3'   0.38716010E+01  0.10940000E+00  0.19080001E+01  0.17000000E+01  0.72000000E+00  0.10000000E+01      28
PSU H3'   0.15038682E+01  0.15700000E-01  0.14870000E+01  0.13000000E+01  0.85000000E+00  0.10000000E+01      29
PSU O3'  -0.89104131E+01  0.17000000E+00  0.16837001E+01  0.15000000E+01  0.85000000E+00  0.10000000E+01      30