          %CHARGE         %LJ EPSILON     %LJ C_RADII     %GB_RADII       %SCREEN        %DIELECTRIC        %ATOM INDEX
RA  P     0.21250846E+02  0.20000000E+00  0.21000000E+01  0.18500000E+01  0.86000000E+00  0.40000000E+01       1
RA  O1P  -0.14140505E+02  0.21000000E+00  0.16612000E+01  0.15000000E+01  0.85000000E+00  0.40000000E+01       2
RA  O2P  -0.14140505E+02  0.21000000E+00  0.16612000E+01  0.15000000E+01  0.85000000E+00  0.40000000E+01       3
RA  O5'  -0.90911055E+01  0.17000000E+00  0.16837000E+01  0.15000000E+01  0.85000000E+00  0.10000000E+01       4
RA  C5'   0.10168043E+01  0.10940000E+00  0.19080000E+01  0.17000000E+01  0.72000000E+00  0.10000000E+01       5
RA  1H5'  0.12372942E+01  0.15700000E-01  0.14870000E+01  0.13000000E+01  0.85000000E+00  0.10000000E+01       6
RA  2H5'  0.12372942E+01  0.15700000E-01  0.14870000E+01  0.13000000E+01  0.85000000E+00  0.10000000E+01       7
RA  C4'   0.19406750E+01  0.10940000E+00  0.19080000E+01  0.17000000E+01  0.72000000E+00  0.10000000E+01       8
RA  H4'   0.21392980E+01  0.15700000E-01  0.14870000E+01  0.13000000E+01  0.85000000E+00  0.10000000E+01       9
RA  O4'  -0.64652720E+01  0.17000000E+00  0.16837000E+01  0.15000000E+01  0.85000000E+00  0.10000000E+01      10
RA  C1'   0.71795862E+00  0.10940000E+00  0.19080000E+01  0.17000000E+01  0.72000000E+00  0.10000000E+01      11
RA  H1'   0.36572156E+01  0.15700000E-01  0.14870000E+01  0.13000000E+01  0.85000000E+00  0.10000000E+01      12
RA  N9   -0.45737973E+00  0.17000000E+00  0.18240000E+01  0.15500000E+01  0.79000000E+00  0.10000000E+01      13
RA  C8    0.36553934E+01  0.86000000E-01  0.19080000E+01  0.17000000E+01  0.72000000E+00  0.10000000E+01      14
RA  H8    0.28299232E+01  0.15700000E-01  0.14870000E+01  0.13000000E+01  0.85000000E+00  0.10000000E+01      15
RA  N7   -0.11066403E+02  0.17000000E+00  0.18240000E+01  0.15500000E+01  0.79000000E+00  0.10000000E+01      16
RA  C5    0.93844845E+00  0.86000000E-01  0.19080000E+01  0.17000000E+01  0.72000000E+00  0.10000000E+01      17
RA  C6    0.12772010E+02  0.86000000E-01  0.19080000E+01  0.17000000E+01  0.72000000E+00  0.10000000E+01      18
RA  N6   -0.16434692E+02  0.17000000E+00  0.18240000E+01  0.15500000E+01  0.79000000E+00  0.10000000E+01      19
RA  H61   0.74984765E+01  0.15700000E-01  0.60000000E+00  0.13000000E+01  0.85000000E+00  0.10000000E+01      20
RA  H62   0.74984765E+01  0.15700000E-01  0.60000000E+00  0.13000000E+01  0.85000000E+00  0.10000000E+01      21
RA  N1   -0.13876281E+02  0.17000000E+00  0.18240000E+01  0.15500000E+01  0.79000000E+00  0.10000000E+01      22
RA  C2    0.10705601E+02  0.86000000E-01  0.19080000E+01  0.17000000E+01  0.72000000E+00  0.10000000E+01      23
RA  H2    0.86191479E+00  0.15700000E-01  0.14870000E+01  0.13000000E+01  0.85000000E+00  0.10000000E+01      24
RA  N3   -0.12750143E+02  0.17000000E+00  0.18240000E+01  0.15500000E+01  0.79000000E+00  0.10000000E+01      25
RA  C4    0.55632682E+01  0.86000000E-01  0.19080000E+01  0.17000000E+01  0.72000000E+00  0.10000000E+01      26
RA  C3'   0.36845491E+01  0.10940000E+00  0.19080000E+01  0.17000000E+01  0.72000000E+00  0.10000000E+01      27
RA  H3'   0.11206714E+01  0.15700000E-01  0.14870000E+01  0.13000000E+01  0.85000000E+00  0.10000000E+01      28
RA  C2'   0.12208941E+01  0.10940000E+00  0.19080000E+01  0.17000000E+01  0.72000000E+00  0.10000000E+01      29
RA  1H2'  0.17712076E+01  0.15700000E-01  0.14870000E+01  0.13000000E+01  0.85000000E+00  0.10000000E+01      30
RA  O2'  -0.11186670E+02  0.21040000E+00  0.17210000E+01  0.15000000E+01  0.85000000E+00  0.10000000E+01      31
RA  2HO'  0.76278548E+01  0.15700000E-01  0.60000000E+00  0.80000000E+00  0.85000000E+00  0.10000000E+01      32
RA  O3'  -0.11919206E+02  0.21040000E+00  0.17210001E+01  0.15000000E+01  0.85000000E+00  0.10000000E+01      33
RA  H3T   0.79740785E+01  0.15700000E-01  0.60000000E+00  0.80000000E+00  0.85000000E+00  0.10000000E+01      34
RA  OP1  -0.14140505E+02  0.21000000E+00  0.16612000E+01  0.15000000E+01  0.85000000E+00  0.40000000E+01       2
RA  OP2  -0.14140505E+02  0.21000000E+00  0.16612000E+01  0.15000000E+01  0.85000000E+00  0.40000000E+01       3
RA  H5'   0.12372942E+01  0.15700000E-01  0.14870000E+01  0.13000000E+01  0.85000000E+00  0.10000000E+01       6
RA  H5''  0.12372942E+01  0.15700000E-01  0.14870000E+01  0.13000000E+01  0.85000000E+00  0.10000000E+01       7
RA  H2'   0.17712076E+01  0.15700000E-01  0.14870000E+01  0.13000000E+01  0.85000000E+00  0.10000000E+01      30
RA  HO2'  0.76278548E+01  0.15700000E-01  0.60000000E+00  0.80000000E+00  0.85000000E+00  0.10000000E+01      32
RA  HO3'  0.79740785E+01  0.15700000E-01  0.60000000E+00  0.80000000E+00  0.85000000E+00  0.10000000E+01      34