          %CHARGE         %LJ EPSILON     %LJ C_RADII     %GB_RADII       %SCREEN        %DIELECTRIC        %ATOM INDEX
RU  P     0.21250846E+02  0.20000000E+00  0.21000000E+01  0.18500000E+01  0.86000000E+00  0.40000000E+01       1
RU  O1P  -0.14140505E+02  0.21000000E+00  0.16612000E+01  0.15000000E+01  0.85000000E+00  0.40000000E+01       2
RU  O2P  -0.14140505E+02  0.21000000E+00  0.16612000E+01  0.15000000E+01  0.85000000E+00  0.40000000E+01       3
RU  O5'  -0.90911055E+01  0.17000000E+00  0.16837000E+01  0.15000000E+01  0.85000000E+00  0.10000000E+01       4
RU  C5'   0.10168043E+01  0.10940000E+00  0.19080000E+01  0.17000000E+01  0.72000000E+00  0.10000000E+01       5
RU  1H5'  0.12372942E+01  0.15700000E-01  0.14870000E+01  0.13000000E+01  0.85000000E+00  0.10000000E+01       6
RU  2H5'  0.12372942E+01  0.15700000E-01  0.14870000E+01  0.13000000E+01  0.85000000E+00  0.10000000E+01       7
RU  C4'   0.19406750E+01  0.10940000E+00  0.19080000E+01  0.17000000E+01  0.72000000E+00  0.10000000E+01       8
RU  H4'   0.21392980E+01  0.15700000E-01  0.14870000E+01  0.13000000E+01  0.85000000E+00  0.10000000E+01       9
RU  O4'  -0.64652720E+01  0.17000000E+00  0.16837000E+01  0.15000000E+01  0.85000000E+00  0.10000000E+01      10
RU  C1'   0.12281830E+01  0.10940000E+00  0.19080000E+01  0.17000000E+01  0.72000000E+00  0.10000000E+01      11
RU  H1'   0.33237475E+01  0.15700000E-01  0.14870000E+01  0.13000000E+01  0.85000000E+00  0.10000000E+01      12
RU  N1    0.76169214E+00  0.17000000E+00  0.18240000E+01  0.15500000E+01  0.79000000E+00  0.10000000E+01      13
RU  C6   -0.20518310E+01  0.86000000E-01  0.19080000E+01  0.17000000E+01  0.72000000E+00  0.10000000E+01      14
RU  H6    0.39870392E+01  0.15700000E-01  0.14870000E+01  0.13000000E+01  0.85000000E+00  0.10000000E+01      15
RU  C5   -0.66238060E+01  0.86000000E-01  0.19080000E+01  0.17000000E+01  0.72000000E+00  0.10000000E+01      16
RU  H5    0.33000585E+01  0.15000000E-01  0.14590000E+01  0.13000000E+01  0.85000000E+00  0.10000000E+01      17
RU  C4    0.10845913E+02  0.86000000E-01  0.19080000E+01  0.17000000E+01  0.72000000E+00  0.10000000E+01      18
RU  O4   -0.10497867E+02  0.21000000E+00  0.16612000E+01  0.15000000E+01  0.85000000E+00  0.10000000E+01      19
RU  N3   -0.64670943E+01  0.17000000E+00  0.18240000E+01  0.15500000E+01  0.79000000E+00  0.10000000E+01      20
RU  H3    0.57473134E+01  0.15700000E-01  0.60000000E+00  0.13000000E+01  0.85000000E+00  0.10000000E+01      21
RU  C2    0.85407920E+01  0.86000000E-01  0.19080000E+01  0.17000000E+01  0.72000000E+00  0.10000000E+01      22
RU  O2   -0.99803537E+01  0.21000000E+00  0.16612000E+01  0.15000000E+01  0.85000000E+00  0.10000000E+01      23
RU  C3'   0.36845491E+01  0.10940000E+00  0.19080000E+01  0.17000000E+01  0.72000000E+00  0.10000000E+01      24
RU  H3'   0.11206714E+01  0.15700000E-01  0.14870000E+01  0.13000000E+01  0.85000000E+00  0.10000000E+01      25
RU  C2'   0.12208941E+01  0.10940000E+00  0.19080000E+01  0.17000000E+01  0.72000000E+00  0.10000000E+01      26
RU  1H2'  0.17712076E+01  0.15700000E-01  0.14870000E+01  0.13000000E+01  0.85000000E+00  0.10000000E+01      27
RU  O2'  -0.11186670E+02  0.21040000E+00  0.17210000E+01  0.15000000E+01  0.85000000E+00  0.10000000E+01      28
RU  2HO'  0.76278548E+01  0.15700000E-01  0.60000000E+00  0.80000000E+00  0.85000000E+00  0.10000000E+01      29
RU  O3'  -0.11919206E+02  0.21040000E+00  0.17210001E+01  0.15000000E+01  0.85000000E+00  0.10000000E+01      30
RU  H3T   0.79740785E+01  0.15700000E-01  0.60000000E+00  0.80000000E+00  0.85000000E+00  0.10000000E+01      31
RU  OP1  -0.14140505E+02  0.21000000E+00  0.16612000E+01  0.15000000E+01  0.85000000E+00  0.40000000E+01       2
RU  OP2  -0.14140505E+02  0.21000000E+00  0.16612000E+01  0.15000000E+01  0.85000000E+00  0.40000000E+01       3
RU  H5'   0.12372942E+01  0.15700000E-01  0.14870000E+01  0.13000000E+01  0.85000000E+00  0.10000000E+01       6
RU  H5''  0.12372942E+01  0.15700000E-01  0.14870000E+01  0.13000000E+01  0.85000000E+00  0.10000000E+01       7
RU  H2'   0.17712076E+01  0.15700000E-01  0.14870000E+01  0.13000000E+01  0.85000000E+00  0.10000000E+01      27
RU  HO2'  0.76278548E+01  0.15700000E-01  0.60000000E+00  0.80000000E+00  0.85000000E+00  0.10000000E+01      29
RU  HO3'  0.79740785E+01  0.15700000E-01  0.60000000E+00  0.80000000E+00  0.85000000E+00  0.10000000E+01      31