          %CHARGE         %LJ EPSILON     %LJ C_RADII     %GB_RADII       %SCREEN        %DIELECTRIC        %ATOM INDEX
SMU P     0.19822765E+02  0.20000000E+00  0.21000000E+01  0.18500000E+01  0.86000000E+00  0.40000000E+01       1
SMU O1P  -0.13970308E+02  0.21000000E+00  0.16612000E+01  0.15000000E+01  0.85000000E+00  0.40000000E+01       2
SMU O2P  -0.13970308E+02  0.21000000E+00  0.16612000E+01  0.15000000E+01  0.85000000E+00  0.40000000E+01       3
SMU O5'  -0.85883522E+01  0.17000000E+00  0.16837000E+01  0.15000000E+01  0.85000000E+00  0.10000000E+01       4
SMU C5'   0.11576627E+01  0.10940000E+00  0.19080000E+01  0.17000000E+01  0.72000000E+00  0.10000000E+01       5
SMU 1H5'  0.12558809E+01  0.15700000E-01  0.14870000E+01  0.13000000E+01  0.85000000E+00  0.10000000E+01       6
SMU 2H5'  0.12558809E+01  0.15700000E-01  0.14870000E+01  0.13000000E+01  0.85000000E+00  0.10000000E+01       7
SMU C4'   0.70319856E+00  0.10940000E+00  0.19080000E+01  0.17000000E+01  0.72000000E+00  0.10000000E+01       8
SMU O4'  -0.59628832E+01  0.17000000E+00  0.16837000E+01  0.15000000E+01  0.85000000E+00  0.10000000E+01       9
SMU C1'   0.83749691E+00  0.10940000E+00  0.19080000E+01  0.17000000E+01  0.72000000E+00  0.10000000E+01      10
SMU C2'   0.14113171E+01  0.10940000E+00  0.19080000E+01  0.17000000E+01  0.72000000E+00  0.10000000E+01      11
SMU O2'  -0.10775757E+02  0.21040000E+00  0.17210000E+01  0.15000000E+01  0.85000000E+00  0.10000000E+01      12
SMU 2HO'  0.74736941E+01  0.15700000E-01  0.60000000E+00  0.80000000E+00  0.85000000E+00  0.10000000E+01      13
SMU H2'   0.16928517E+01  0.15700000E-01  0.14870000E+01  0.13000000E+01  0.85000000E+00  0.10000000E+01      14
SMU N1    0.47142912E+01  0.17000000E+00  0.18240000E+01  0.15500000E+01  0.79000000E+00  0.10000000E+01      15
SMU C2   -0.94172846E+00  0.86000000E-01  0.19080000E+01  0.17000000E+01  0.72000000E+00  0.10000000E+01      16
SMU S2   -0.68871183E+01  0.25000000E+00  0.20000000E+01  0.15000000E+01  0.80000000E+00  0.10000000E+01      17
SMU N3   -0.21782937E+01  0.17000000E+00  0.18240000E+01  0.15500000E+01  0.79000000E+00  0.10000000E+01      18
SMU C4    0.94755960E+01  0.86000000E-01  0.19080000E+01  0.17000000E+01  0.72000000E+00  0.10000000E+01      19
SMU O4   -0.94322269E+01  0.21000000E+00  0.16612000E+01  0.15000000E+01  0.85000000E+00  0.10000000E+01      20
SMU C5    0.25019218E+00  0.86000000E-01  0.19080000E+01  0.17000000E+01  0.72000000E+00  0.10000000E+01      21
SMU C6   -0.57482245E+01  0.86000000E-01  0.19080000E+01  0.17000000E+01  0.72000000E+00  0.10000000E+01      22
SMU H6    0.41368266E+01  0.15700000E-01  0.14870000E+01  0.13000000E+01  0.85000000E+00  0.10000000E+01      23
SMU C10  -0.55512415E+01  0.10940000E+00  0.19080000E+01  0.17000000E+01  0.72000000E+00  0.10000000E+01      24
SMU C11   0.14760610E+02  0.86000000E-01  0.19080000E+01  0.17000000E+01  0.72000000E+00  0.10000000E+01      25
SMU O30  -0.10741499E+02  0.21000000E+00  0.16612000E+01  0.15000000E+01  0.85000000E+00  0.10000000E+01      26
SMU O31  -0.70440123E+01  0.17000000E+00  0.16837000E+01  0.15000000E+01  0.85000000E+00  0.10000000E+01      27
SMU C12  -0.13120056E+01  0.10940000E+00  0.19080000E+01  0.17000000E+01  0.72000000E+00  0.10000000E+01      28
SMU H22   0.18581279E+01  0.15700000E-01  0.14870000E+01  0.13000000E+01  0.85000000E+00  0.10000000E+01      29
SMU H23   0.18581279E+01  0.15700000E-01  0.14870000E+01  0.13000000E+01  0.85000000E+00  0.10000000E+01      30
SMU H24   0.18581279E+01  0.15700000E-01  0.14870000E+01  0.13000000E+01  0.85000000E+00  0.10000000E+01      31
SMU H20   0.22100005E+01  0.15700000E-01  0.14870000E+01  0.13000000E+01  0.85000000E+00  0.10000000E+01      32
SMU H21   0.22100005E+01  0.15700000E-01  0.14870000E+01  0.13000000E+01  0.85000000E+00  0.10000000E+01      33
SMU H3    0.43511208E+01  0.15700000E-01  0.60000000E+00  0.13000000E+01  0.85000000E+00  0.10000000E+01      34
SMU H1'   0.29942883E+01  0.15700000E-01  0.14870000E+01  0.13000000E+01  0.85000000E+00  0.10000000E+01      35
SMU H4'   0.21287291E+01  0.15700000E-01  0.14870000E+01  0.13000000E+01  0.85000000E+00  0.10000000E+01      36
SMU C3'   0.38715099E+01  0.10940000E+00  0.19080000E+01  0.17000000E+01  0.72000000E+00  0.10000000E+01      37
SMU H3'   0.15038864E+01  0.15700000E-01  0.14870000E+01  0.13000000E+01  0.85000000E+00  0.10000000E+01      38
SMU O3'  -0.89103403E+01  0.17000000E+00  0.16837000E+01  0.15000000E+01  0.85000000E+00  0.10000000E+01      39