          %CHARGE         %LJ EPSILON     %LJ C_RADII     %GB_RADII       %SCREEN        %DIELECTRIC        %ATOM INDEX
STA P     0.19822765E+02  0.20000000E+00  0.21000000E+01  0.18500000E+01  0.86000000E+00  0.40000000E+01       1
STA O1P  -0.13970308E+02  0.21000000E+00  0.16612000E+01  0.15000000E+01  0.85000000E+00  0.40000000E+01       2
STA O2P  -0.13970308E+02  0.21000000E+00  0.16612000E+01  0.15000000E+01  0.85000000E+00  0.40000000E+01       3
STA O5'  -0.85883522E+01  0.17000000E+00  0.16837000E+01  0.15000000E+01  0.85000000E+00  0.10000000E+01       4
STA C5'   0.11576627E+01  0.10940000E+00  0.19080000E+01  0.17000000E+01  0.72000000E+00  0.10000000E+01       5
STA 1H5'  0.12558809E+01  0.15700000E-01  0.14870000E+01  0.13000000E+01  0.85000000E+00  0.10000000E+01       6
STA 2H5'  0.12558809E+01  0.15700000E-01  0.14870000E+01  0.13000000E+01  0.85000000E+00  0.10000000E+01       7
STA C4'   0.70319856E+00  0.10940000E+00  0.19080000E+01  0.17000000E+01  0.72000000E+00  0.10000000E+01       8
STA O4'  -0.59628832E+01  0.17000000E+00  0.16837000E+01  0.15000000E+01  0.85000000E+00  0.10000000E+01       9
STA C1'   0.83749691E+00  0.10940000E+00  0.19080000E+01  0.17000000E+01  0.72000000E+00  0.10000000E+01      10
STA C2'   0.14113171E+01  0.10940000E+00  0.19080000E+01  0.17000000E+01  0.72000000E+00  0.10000000E+01      11
STA O2'  -0.10775757E+02  0.21040000E+00  0.17210000E+01  0.15000000E+01  0.85000000E+00  0.10000000E+01      12
STA 2HO'  0.74736941E+01  0.15700000E-01  0.60000000E+00  0.80000000E+00  0.85000000E+00  0.10000000E+01      13
STA H2'   0.16928517E+01  0.15700000E-01  0.14870000E+01  0.13000000E+01  0.85000000E+00  0.10000000E+01      14
STA N9   -0.43223296E+00  0.17000000E+00  0.18240000E+01  0.15500000E+01  0.79000000E+00  0.10000000E+01      15
STA C8    0.14510417E+01  0.86000000E-01  0.19080000E+01  0.17000000E+01  0.72000000E+00  0.10000000E+01      16
STA N7   -0.10265715E+02  0.17000000E+00  0.18240000E+01  0.15500000E+01  0.79000000E+00  0.10000000E+01      17
STA C5    0.30926888E+01  0.86000000E-01  0.19080000E+01  0.17000000E+01  0.72000000E+00  0.10000000E+01      18
STA C6    0.24199214E+01  0.86000000E-01  0.19080000E+01  0.17000000E+01  0.72000000E+00  0.10000000E+01      19
STA N6   -0.62732090E+01  0.17000000E+00  0.18240000E+01  0.15500000E+01  0.79000000E+00  0.10000000E+01      20
STA 1H6   0.54023653E+01  0.15700000E-01  0.60000000E+00  0.13000000E+01  0.85000000E+00  0.10000000E+01      21
STA C11   0.10355551E+02  0.86000000E-01  0.19080000E+01  0.17000000E+01  0.72000000E+00  0.10000000E+01      22
STA O30  -0.98998111E+01  0.21000000E+00  0.16612000E+01  0.15000000E+01  0.85000000E+00  0.10000000E+01      23
STA N40  -0.83926447E+01  0.17000000E+00  0.18240000E+01  0.15500000E+01  0.79000000E+00  0.10000000E+01      24
STA C12   0.76041658E+00  0.10940000E+00  0.19080000E+01  0.17000000E+01  0.72000000E+00  0.10000000E+01      25
STA C13   0.12959335E+02  0.86000000E-01  0.19080000E+01  0.17000000E+01  0.72000000E+00  0.10000000E+01      26
STA O31  -0.11580089E+02  0.21040000E+00  0.17210000E+01  0.15000000E+01  0.85000000E+00  0.10000000E+01      27
STA H30   0.85868944E+01  0.15700000E-01  0.60000000E+00  0.80000000E+00  0.85000000E+00  0.10000000E+01      28
STA O32  -0.10591712E+02  0.21000000E+00  0.16612000E+01  0.15000000E+01  0.85000000E+00  0.10000000E+01      29
STA C14   0.35746686E+01  0.10940000E+00  0.19080000E+01  0.17000000E+01  0.72000000E+00  0.10000000E+01      30
STA O33  -0.11889140E+02  0.21040000E+00  0.17210000E+01  0.15000000E+01  0.85000000E+00  0.10000000E+01      31
STA H24   0.75826635E+01  0.15700000E-01  0.60000000E+00  0.80000000E+00  0.85000000E+00  0.10000000E+01      32
STA C15  -0.36300644E+01  0.10940000E+00  0.19080000E+01  0.17000000E+01  0.72000000E+00  0.10000000E+01      33
STA H21   0.12897744E+01  0.15700000E-01  0.14870000E+01  0.13000000E+01  0.85000000E+00  0.10000000E+01      34
STA H22   0.12897744E+01  0.15700000E-01  0.14870000E+01  0.13000000E+01  0.85000000E+00  0.10000000E+01      35
STA H23   0.12897744E+01  0.15700000E-01  0.14870000E+01  0.13000000E+01  0.85000000E+00  0.10000000E+01      36
STA H20   0.14907664E+01  0.15700000E-01  0.14870000E+01  0.13000000E+01  0.85000000E+00  0.10000000E+01      37
STA H25   0.19813107E+01  0.15700000E-01  0.14870000E+01  0.13000000E+01  0.85000000E+00  0.10000000E+01      38
STA H26   0.53668318E+01  0.15700000E-01  0.60000000E+00  0.13000000E+01  0.85000000E+00  0.10000000E+01      39
STA N1   -0.29631282E+01  0.17000000E+00  0.18240000E+01  0.15500000E+01  0.79000000E+00  0.10000000E+01      40
STA C2    0.61830086E+01  0.86000000E-01  0.19080000E+01  0.17000000E+01  0.72000000E+00  0.10000000E+01      41
STA N3   -0.97713439E+01  0.17000000E+00  0.18240000E+01  0.15500000E+01  0.79000000E+00  0.10000000E+01      42
STA C4    0.68065757E+01  0.86000000E-01  0.19080000E+01  0.17000000E+01  0.72000000E+00  0.10000000E+01      43
STA SS   -0.40327772E+01  0.25000000E+00  0.20000000E+01  0.18000000E+01  0.96000000E+00  0.10000000E+01      44
STA C10  -0.16952206E+01  0.10940000E+00  0.19080000E+01  0.17000000E+01  0.72000000E+00  0.10000000E+01      45
STA H27   0.13433480E+01  0.15700000E-01  0.14870000E+01  0.13000000E+01  0.85000000E+00  0.10000000E+01      46
STA H28   0.13433480E+01  0.15700000E-01  0.14870000E+01  0.13000000E+01  0.85000000E+00  0.10000000E+01      47
STA H29   0.13433480E+01  0.15700000E-01  0.14870000E+01  0.13000000E+01  0.85000000E+00  0.10000000E+01      48
STA H8    0.33501699E+01  0.15700000E-01  0.14870000E+01  0.13000000E+01  0.85000000E+00  0.10000000E+01      49
STA H1'   0.29942883E+01  0.15700000E-01  0.14870000E+01  0.13000000E+01  0.85000000E+00  0.10000000E+01      50
STA H4'   0.21287291E+01  0.15700000E-01  0.14870000E+01  0.13000000E+01  0.85000000E+00  0.10000000E+01      51
STA C3'   0.38715099E+01  0.10940000E+00  0.19080000E+01  0.17000000E+01  0.72000000E+00  0.10000000E+01      52
STA H3'   0.15038864E+01  0.15700000E-01  0.14870000E+01  0.13000000E+01  0.85000000E+00  0.10000000E+01      53
STA O3'  -0.89103403E+01  0.17000000E+00  0.16837000E+01  0.15000000E+01  0.85000000E+00  0.10000000E+01      54