          %CHARGE         %LJ EPSILON     %LJ C_RADII     %GB_RADII       %SCREEN        %DIELECTRIC        %ATOM INDEX
TYR N    -0.75750101E+01  0.17000000E+00  0.18240000E+01  0.15500000E+01  0.79000000E+00  0.10000000E+01       1
TYR H     0.49546434E+01  0.15700000E-01  0.60000000E+00  0.13000000E+01  0.85000000E+00  0.10000000E+01       2
TYR CA   -0.25511220E-01  0.10940000E+00  0.19080000E+01  0.17000000E+01  0.72000000E+00  0.10000000E+01       3
TYR HA    0.15962735E+01  0.15700000E-01  0.14870000E+01  0.13000000E+01  0.85000000E+00  0.10000000E+01       4
TYR CB   -0.27697896E+00  0.10940000E+00  0.19080000E+01  0.17000000E+01  0.72000000E+00  0.10000000E+01       5
TYR HB2   0.53755785E+00  0.15700000E-01  0.14870000E+01  0.13000000E+01  0.85000000E+00  0.10000000E+01       6
TYR HB3   0.53755785E+00  0.15700000E-01  0.14870000E+01  0.13000000E+01  0.85000000E+00  0.10000000E+01       7
TYR CG   -0.20044530E-01  0.86000000E-01  0.19080000E+01  0.17000000E+01  0.72000000E+00  0.10000000E+01       8
TYR CD1  -0.34731704E+01  0.86000000E-01  0.19080000E+01  0.17000000E+01  0.72000000E+00  0.10000000E+01       9
TYR HD1   0.30959688E+01  0.15000000E-01  0.14590000E+01  0.13000000E+01  0.85000000E+00  0.10000000E+01      10
TYR CE1  -0.42658404E+01  0.86000000E-01  0.19080000E+01  0.17000000E+01  0.72000000E+00  0.10000000E+01      11
TYR HE1   0.30176129E+01  0.15000000E-01  0.14590000E+01  0.13000000E+01  0.85000000E+00  0.10000000E+01      12
TYR CZ    0.58785140E+01  0.86000000E-01  0.19080000E+01  0.17000000E+01  0.72000000E+00  0.10000000E+01      13
TYR OH   -0.10166221E+02  0.21040000E+00  0.17210000E+01  0.15000000E+01  0.85000000E+00  0.10000000E+01      14
TYR HH    0.72743422E+01  0.15700000E-01  0.60000000E+00  0.80000000E+00  0.85000000E+00  0.10000000E+01      15
TYR CE2  -0.42658404E+01  0.86000000E-01  0.19080000E+01  0.17000000E+01  0.72000000E+00  0.10000000E+01      16
TYR HE2   0.30176129E+01  0.15000000E-01  0.14590000E+01  0.13000000E+01  0.85000000E+00  0.10000000E+01      17
TYR CD2  -0.34731704E+01  0.86000000E-01  0.19080000E+01  0.17000000E+01  0.72000000E+00  0.10000000E+01      18
TYR HD2   0.30959688E+01  0.15000000E-01  0.14590000E+01  0.13000000E+01  0.85000000E+00  0.10000000E+01      19
TYR C     0.10884180E+02  0.86000000E-01  0.19080000E+01  0.17000000E+01  0.72000000E+00  0.10000000E+01      20
TYR O    -0.10348444E+02  0.21000000E+00  0.16612000E+01  0.15000000E+01  0.85000000E+00  0.10000000E+01      21