          %CHARGE         %LJ EPSILON     %LJ C_RADII     %GB_RADII       %SCREEN        %DIELECTRIC        %ATOM INDEX
TYX N    -0.18461012E+02  0.17000000E+00  0.18240000E+01  0.15500000E+01  0.79000000E+00  0.10000000E+01       1
TYX H     0.62648267E+01  0.15700000E-01  0.60000000E+00  0.13000000E+01  0.85000000E+00  0.10000000E+01       2
TYX CA    0.16542204E+02  0.10940000E+00  0.19080000E+01  0.17000000E+01  0.72000000E+00  0.10000000E+01       3
TYX HA   -0.14905841E+01  0.15700000E-01  0.14870000E+01  0.13000000E+01  0.85000000E+00  0.10000000E+01       4
TYX CB   -0.14630685E+02  0.10940000E+00  0.19080000E+01  0.17000000E+01  0.72000000E+00  0.20000000E+01       5
TYX HB2   0.35733930E+01  0.15700000E-01  0.14870000E+01  0.13000000E+01  0.85000000E+00  0.20000000E+01       6
TYX HB3   0.35733930E+01  0.15700000E-01  0.14870000E+01  0.13000000E+01  0.85000000E+00  0.20000000E+01       7
TYX CG    0.92295949E+01  0.86000000E-01  0.19080000E+01  0.17000000E+01  0.72000000E+00  0.20000000E+01       8
TYX CD1  -0.79868341E+01  0.86000000E-01  0.19080000E+01  0.17000000E+01  0.72000000E+00  0.20000000E+01       9
TYX HD1   0.31524579E+01  0.15000000E-01  0.14590000E+01  0.13000000E+01  0.85000000E+00  0.20000000E+01      10
TYX CE1  -0.33365031E+01  0.86000000E-01  0.19080000E+01  0.17000000E+01  0.72000000E+00  0.20000000E+01      11
TYX HE1   0.18750747E+01  0.15000000E-01  0.14590000E+01  0.13000000E+01  0.85000000E+00  0.20000000E+01      12
TYX CZ    0.69299407E+01  0.86000000E-01  0.19080000E+01  0.17000000E+01  0.72000000E+00  0.20000000E+01      13
TYX OH   -0.11848140E+02  0.21000000E+00  0.16612000E+01  0.15000000E+01  0.85000000E+00  0.20000000E+01      14
TYX CE2  -0.33365031E+01  0.86000000E-01  0.19080000E+01  0.17000000E+01  0.72000000E+00  0.20000000E+01      15
TYX HE2   0.18750747E+01  0.15000000E-01  0.14590000E+01  0.13000000E+01  0.85000000E+00  0.20000000E+01      16
TYX CD2  -0.79868341E+01  0.86000000E-01  0.19080000E+01  0.17000000E+01  0.72000000E+00  0.20000000E+01      17
TYX HD2   0.31524579E+01  0.15000000E-01  0.14590000E+01  0.13000000E+01  0.85000000E+00  0.20000000E+01      18
TYX C    -0.56306907E+00  0.86000000E-01  0.19080000E+01  0.17000000E+01  0.72000000E+00  0.10000000E+01      19
TYX O    -0.47505536E+01  0.21000000E+00  0.16612000E+01  0.15000000E+01  0.85000000E+00  0.10000000E+01      20