1      4       0  2  3  4
2      1       1
3      1       1
4      2       1  5
5      4       4  6  7  8
6      1       5
7      1       5
8      4       5  9 34 35
9      2       8 10
10     4       9 11 15 33
11     4      10 12 14 35
12     2      11 13
13     1      12
14     1      11
15     3      10 16 26
16     3      15 17 32
17     2      16 18
18     3      17 19 26
19     3      18 20 23
20     3      19 21 22
21     1      20
22     1      20
23     3      19 24 28
24     3      23 25 27
25     2      24 26
26     3      15 18 25
27     1      24
28     4      23 29 30 31
29     1      28
30     1      28
31     1      28
32     1      16
33     1      10
34     1       8
35     4       8 11 36 37
36     1      35
37     2      35 38