1      4       0  2  3  4
2      1       1
3      1       1
4      2       1  5
5      4       4  6  7  8
6      1       5
7      1       5
8      4       5  9 30 31
9      2       8 10
10     4       9 11 15 29
11     4      10 12 14 31
12     2      11 13
13     1      12
14     1      11
15     3      10 16 22
16     3      15 17 18
17     1      16
18     3      16 19 28
19     3      18 20 21
20     1      19
21     3      19 22 24
22     3      15 21 23
23     1      22
24     4      21 25 26 27
25     1      24
26     1      24
27     1      24
28     1      18
29     1      10
30     1       8
31     4       8 11 32 33
32     1      31
33     2      31 34