1      4       0  2  3  4
2      1       1
3      1       1
4      2       1  5
5      4       4  6  7  8
6      1       5
7      1       5
8      4       5  9 47 48
9      2       8 10
10     4       9 11 15 46
11     4      10 12 14 48
12     2      11 13
13     1      12
14     1      11
15     3      10 16 43
16     3      15 17 45
17     2      16 18
18     3      17 19 43
19     3      18 20 40
20     3      19 21 22
21     1      20
22     3      20 23 24
23     1      22
24     3      22 25 39
25     4      24 26 30 38
26     3      25 27 29
27     2      26 28
28     1      27
29     1      26
30     4      25 31 33 37
31     2      30 32
32     1      31
33     4      30 34 35 36
34     1      33
35     1      33
36     1      33
37     1      30
38     1      25
39     1      24
40     2      19 41
41     3      40 42 44
42     2      41 43
43     3      15 18 42
44     1      41
45     1      16
46     1      10
47     1       8
48     4       8 11 49 50
49     1      48
50     2      48 51