1      3      -1  2  3
2      1       1
3      4       1  4  5 23
4      1       3
5      4       3  6  7  8
6      1       5
7      1       5
8      4       5  9 10 11
9      1       8
10     1       8
11     4       8 12 13 14
12     1      11
13     1      11
14     3      11 15 16
15     1      14
16     3      14 17 20
17     3      16 18 19
18     1      17
19     1      17
20     3      16 21 22
21     1      20
22     1      20
23     3       3 24 25
24     1      23
25     1      23