1      4       2  3  4 22
2      1       1
3      1       1
4      4       1  5  6  7
5      1       4
6      1       4
7      3       4  8  9
8      1       7
9      3       7 10 11
10     1       9
11     3       9 12 22
12     4      11 13 14 15
13     1      12
14     1      12
15     4      12 16 17 18
16     1      15
17     1      15
18     4      15 19 20 39
19     1      18
20     4      18 21 22 27
21     1      20
22     4       1 11 20 23
23     4      22 24 25 26
24     1      23
25     1      23
26     1      23
27     4      20 28 29 31
28     1      27
29     2      27 30
30     1      29
31     4      27 32 33 34
32     1      31
33     1      31
34     4      31 35 39 47
35     4      34 36 37 38
36     1      35
37     1      35
38     1      35
39     4      18 34 40 41
40     1      39
41     4      39 42 43 44
42     1      41
43     1      41
44     4      41 45 46 47
45     1      44
46     1      44
47     4      34 44 48 50
48     2      47 49
49     1      48
50     3      47 51 52
51     1      50
52     4      50 53 54 55
53     1      52
54     1      52
55     2      52 56
56     1      55