1      4       2  3  4  5
2      1       1
3      1       1
4      1       1
5      4       1  6  7 25
6      1       5
7      4       5  8  9 10
8      1       7
9      1       7
10     4       7 11 12 13
11     1      10
12     1      10
13     4      10 14 15 16
14     1      13
15     1      13
16     3      13 17 18
17     1      16
18     3      16 19 22
19     3      18 20 21
20     1      19
21     1      19
22     3      18 23 24
23     1      22
24     1      22
25     3       5 26 27
26     1      25