1      4       2  3  4  5
2      1       1
3      1       1
4      1       1
5      4       1  6  7 25
6      1       5
7      4       5  8  9 10
8      1       7
9      1       7
10     3       7 11 24
11     3      10 12 13
12     1      11
13     3      11 14 15
14     1      13
15     3      13 16 24
16     3      15 17 18
17     1      16
18     3      16 19 20
19     1      18
20     3      18 21 22
21     1      20
22     3      20 23 24
23     1      22
24     3      10 15 22
25     3       5 26 27
26     1      25