1      4       0  2  3  4
2      1       1
3      1       1
4      2       1  5
5      4       4  6  7  8
6      1       5
7      1       5
8      4       5  9 27 28
9      2       8 10
10     4       9 11 15 26
11     4      10 12 14 28
12     2      11 13
13     1      12
14     1      11
15     3      10 16 22
16     3      15 17 18
17     1      16
18     3      16 19 25
19     3      18 20 21
20     1      19
21     3      19 22 24
22     3      15 21 23
23     1      22
24     1      21
25     1      18
26     1      10
27     1       8
28     4       8 11 29 30
29     1      28
30     2      28 31