1      4       0  2  3  4
2      1       1
3      1       1
4      2       1  5
5      4       4  6  7  8
6      1       5
7      1       5
8      4       5  9 10 27
9      1       8
10     2       8 11
11     4      10 12 13 29
12     1      11
13     3      11 14 26
14     3      13 15 16
15     1      14
16     2      14 17
17     3      16 18 26
18     3      17 19 22
19     3      18 20 21
20     1      19
21     1      19
22     2      18 23
23     3      22 24 25
24     1      23
25     2      23 26
26     3      13 17 25
27     4       8 28 29 33
28     1      27
29     4      11 27 30 31
30     1      29
31     2      29 32
32     1      31
33     2      27 34