1      1       2
2      2       1  3
3      4       2  4  5  6
4      1       3
5      1       3
6      4       3  7  8 25
7      1       6
8      2       6  9
9      4       8 10 11 27
10     1       9
11     3       9 12 24
12     3      11 13 14
13     1      12
14     2      12 15
15     3      14 16 24
16     3      15 17 20
17     3      16 18 19
18     1      17
19     1      17
20     2      16 21
21     3      20 22 23
22     1      21
23     2      21 24
24     3      11 15 23
25     4       6 26 27 31
26     1      25
27     4       9 25 28 29
28     1      27
29     2      27 30
30     1      29
31     2      25 32