1      4       0  2  3  4
2      1       1
3      1       1
4      2       1  5
5      4       4  6  7  8
6      1       5
7      1       5
8      4       5  9 10 25
9      1       8
10     2       8 11
11     4      10 12 13 27
12     1      11
13     3      11 14 23
14     3      13 15 16
15     1      14
16     3      14 17 18
17     1      16
18     3      16 19 22
19     3      18 20 21
20     1      19
21     1      19
22     2      18 23
23     3      13 22 24
24     1      23
25     4       8 26 27 31
26     1      25
27     4      11 25 28 29
28     1      27
29     2      27 30
30     1      29
31     2      25 32