1      1       2
2      2       1  3
3      4       2  4  5  6
4      1       3
5      1       3
6      4       3  7  8 23
7      1       6
8      2       6  9
9      4       8 10 11 25
10     1       9
11     3       9 12 21
12     3      11 13 14
13     1      12
14     3      12 15 16
15     1      14
16     3      14 17 20
17     3      16 18 19
18     1      17
19     1      17
20     2      16 21
21     3      11 20 22
22     1      21
23     4       6 24 25 29
24     1      23
25     4       9 23 26 27
26     1      25
27     2      25 28
28     1      27
29     2      23 30