1      4       0  2  3  4
2      1       1
3      1       1
4      2       1  5
5      4       4  6  7  8
6      1       5
7      1       5
8      4       5  9 10 28
9      1       8
10     2       8 11
11     4      10 12 13 30
12     1      11
13     3      11 14 27
14     3      13 15 16
15     1      14
16     2      14 17
17     3      16 18 27
18     3      17 19 20
19     1      18
20     3      18 21 22
21     1      20
22     3      20 23 26
23     3      22 24 25
24     1      23
25     1      23
26     2      22 27
27     3      13 17 26
28     4       8 29 30 34
29     1      28
30     4      11 28 31 32
31     1      30
32     2      30 33
33     1      32
34     2      28 35