1      1       2
2      2       1  3
3      4       2  4  5  6
4      1       3
5      1       3
6      4       3  7  8 26
7      1       6
8      2       6  9
9      4       8 10 11 28
10     1       9
11     3       9 12 25
12     3      11 13 14
13     1      12
14     2      12 15
15     3      14 16 25
16     3      15 17 18
17     1      16
18     3      16 19 20
19     1      18
20     3      18 21 24
21     3      20 22 23
22     1      21
23     1      21
24     2      20 25
25     3      11 15 24
26     4       6 27 28 32
27     1      26
28     4       9 26 29 30
29     1      28
30     2      28 31
31     1      30
32     2      26 33