1      4       0  2  3  4
2      1       1
3      1       1
4      2       1  5
5      4       4  6  7  8
6      1       5
7      1       5
8      4       5  9 10 24
9      1       8
10     2       8 11
11     4      10 12 13 26
12     1      11
13     3      11 14 22
14     3      13 15 16
15     1      14
16     3      14 17 18
17     1      16
18     3      16 19 20
19     1      18
20     3      18 21 22
21     1      20
22     3      13 20 23
23     1      22
24     4       8 25 26 30
25     1      24
26     4      11 24 27 28
27     1      26
28     2      26 29
29     1      28
30     2      24 31
31     1      30