1      1       2
2      2       1  3
3      4       2  4  5  6
4      1       3
5      1       3
6      4       3  7  8 22
7      1       6
8      2       6  9
9      4       8 10 11 24
10     1       9
11     3       9 12 20
12     3      11 13 14
13     1      12
14     3      12 15 16
15     1      14
16     3      14 17 18
17     1      16
18     3      16 19 20
19     1      18
20     3      11 18 21
21     1      20
22     4       6 23 24 28
23     1      22
24     4       9 22 25 26
25     1      24
26     2      24 27
27     1      26
28     2      22 29