1      4       0  2  3  4
2      1       1
3      1       1
4      2       1  5
5      4       4  6  7  8
6      1       5
7      1       5
8      4       5  9 36 37
9      2       8 10
10     4       9 11 15 35
11     4      10 12 14 37
12     2      11 13
13     1      12
14     1      11
15     3      10 16 22
16     3      15 17 18
17     1      16
18     3      16 19 34
19     3      18 20 21
20     1      19
21     3      19 22 24
22     3      15 21 23
23     1      22
24     4      21 25 32 33
25     3      24 26 27
26     1      25
27     2      25 28
28     4      27 29 30 31
29     1      28
30     1      28
31     1      28
32     1      24
33     1      24
34     1      18
35     1      10
36     1       8
37     4       8 11 38 39
38     1      37
39     2      37 40