      15
       1       3       5       6       1
  0.15555556E+00  0.30000000E+01  0.00000000E+00
       1       3       5       7       1
  0.15555556E+00  0.30000000E+01  0.00000000E+00
       4       3       5       6       1
  0.15555556E+00  0.30000000E+01  0.00000000E+00
       4       3       5       7       1
  0.15555556E+00  0.30000000E+01  0.00000000E+00
       4       3       5       8       1
  0.15555556E+00  0.30000000E+01  0.00000000E+00
       6       5       3      11       1
  0.15555556E+00  0.30000000E+01  0.00000000E+00
       6       5       8       9       1
  0.00000000E+00  0.20000000E+01  0.00000000E+00
       6       5       8      10       1
  0.00000000E+00  0.20000000E+01  0.00000000E+00
       7       5       3      11       1
  0.15555556E+00  0.30000000E+01  0.00000000E+00
       7       5       8       9       1
  0.00000000E+00  0.20000000E+01  0.00000000E+00
       7       5       8      10       1
  0.00000000E+00  0.20000000E+01  0.00000000E+00
       1       3       5       8       4
  0.21540000E+01  0.10000000E+01  0.18000000E+03
  0.64700000E+00  0.20000000E+01  0.18000000E+03
  0.58000000E-01  0.30000000E+01  0.00000000E+00
  0.89000000E-01  0.40000000E+01  0.00000000E+00
       3       5       8       9       2
  0.76900000E+00  0.20000000E+01  0.18000000E+03
  0.31000000E-01  0.40000000E+01  0.18000000E+03
       3       5       8      10       2
  0.76900000E+00  0.20000000E+01  0.18000000E+03
  0.31000000E-01  0.40000000E+01  0.18000000E+03
       8       5       3      11       4
  0.42400000E+00  0.10000000E+01  0.00000000E+00
  0.45900000E+00  0.20000000E+01  0.18000000E+03
  0.58000000E-01  0.30000000E+01  0.00000000E+00
  0.15400000E+00  0.40000000E+01  0.00000000E+00