      12
       1       3       5       6       1
  0.15555556E+00  0.30000000E+01  0.00000000E+00
       1       3       5       7       1
  0.15555556E+00  0.30000000E+01  0.00000000E+00
       3       5       8       9       4
  0.92000000E-01  0.10000000E+01  0.00000000E+00
  0.61200000E+00  0.20000000E+01  0.00000000E+00
  0.25200000E+00  0.30000000E+01  0.00000000E+00
  0.30000000E-01  0.40000000E+01  0.00000000E+00
       4       3       5       6       1
  0.15555556E+00  0.30000000E+01  0.00000000E+00
       4       3       5       7       1
  0.15555556E+00  0.30000000E+01  0.00000000E+00
       4       3       5       8       1
  0.15555556E+00  0.30000000E+01  0.00000000E+00
       6       5       3      10       1
  0.15555556E+00  0.30000000E+01  0.00000000E+00
       6       5       8       9       1
  0.25000000E+00  0.30000000E+01  0.00000000E+00
       7       5       3      10       1
  0.15555556E+00  0.30000000E+01  0.00000000E+00
       7       5       8       9       1
  0.25000000E+00  0.30000000E+01  0.00000000E+00
       1       3       5       8       4
  0.15400000E+00  0.10000000E+01  0.00000000E+00
  0.48600000E+00  0.20000000E+01  0.18000000E+03
  0.25100000E+00  0.30000000E+01  0.00000000E+00
  0.33000000E-01  0.40000000E+01  0.00000000E+00
       8       5       3      10       4
  0.26900000E+00  0.10000000E+01  0.18000000E+03
  0.33700000E+00  0.20000000E+01  0.18000000E+03
  0.25100000E+00  0.30000000E+01  0.00000000E+00
  0.75000000E-01  0.40000000E+01  0.00000000E+00