      21
       1       3       5       6       1
  0.15555556E+00  0.30000000E+01  0.00000000E+00
       3       5      11      12       1
  0.16000000E+00  0.30000000E+01  0.00000000E+00
       3       5      11      13       1
  0.16000000E+00  0.30000000E+01  0.00000000E+00
       4       3       5       6       1
  0.15555556E+00  0.30000000E+01  0.00000000E+00
       4       3       5       7       1
  0.15555556E+00  0.30000000E+01  0.00000000E+00
       4       3       5      11       1
  0.15555556E+00  0.30000000E+01  0.00000000E+00
       5      11      14      15       1
  0.16000000E+00  0.30000000E+01  0.00000000E+00
       5      11      14      16       1
  0.16000000E+00  0.30000000E+01  0.00000000E+00
       5      11      14      17       1
  0.16000000E+00  0.30000000E+01  0.00000000E+00
       6       5       3      18       1
  0.15555556E+00  0.30000000E+01  0.00000000E+00
       6       5      11      12       1
  0.15000000E+00  0.30000000E+01  0.00000000E+00
       6       5      11      13       1
  0.15000000E+00  0.30000000E+01  0.00000000E+00
       6       5      11      14       1
  0.16000000E+00  0.30000000E+01  0.00000000E+00
       7       5      11      12       1
  0.16000000E+00  0.30000000E+01  0.00000000E+00
       7       5      11      13       1
  0.16000000E+00  0.30000000E+01  0.00000000E+00
       1       3       5       7       4
  0.33700000E+00  0.10000000E+01  0.00000000E+00
  0.21600000E+00  0.20000000E+01  0.18000000E+03
  0.14800000E+00  0.30000000E+01  0.00000000E+00
  0.10000000E-02  0.40000000E+01  0.18000000E+03
       1       3       5      11       4
  0.31000000E+00  0.10000000E+01  0.00000000E+00
  0.14400000E+00  0.20000000E+01  0.18000000E+03
  0.11300000E+00  0.30000000E+01  0.00000000E+00
  0.97000000E-01  0.40000000E+01  0.18000000E+03
       3       5      11      14       4
  0.44700000E+00  0.10000000E+01  0.00000000E+00
  0.53000000E-01  0.20000000E+01  0.00000000E+00
  0.10700000E+00  0.30000000E+01  0.00000000E+00
  0.23000000E+00  0.40000000E+01  0.00000000E+00
       7       5       3      18       4
  0.40600000E+00  0.10000000E+01  0.18000000E+03
  0.28900000E+00  0.20000000E+01  0.18000000E+03
  0.14800000E+00  0.30000000E+01  0.00000000E+00
  0.11200000E+00  0.40000000E+01  0.00000000E+00
       7       5      11      14       4
  0.20200000E+00  0.10000000E+01  0.00000000E+00
  0.77000000E-01  0.20000000E+01  0.18000000E+03
  0.10700000E+00  0.30000000E+01  0.00000000E+00
  0.22400000E+00  0.40000000E+01  0.00000000E+00
      11       5       3      18       4
  0.16200000E+00  0.10000000E+01  0.00000000E+00
  0.73500000E+00  0.20000000E+01  0.18000000E+03
  0.11300000E+00  0.30000000E+01  0.00000000E+00
  0.11500000E+00  0.40000000E+01  0.00000000E+00