      36
       1       3       5       6       1
  0.15555556E+00  0.30000000E+01  0.00000000E+00
       1       3       5       7       1
  0.15555556E+00  0.30000000E+01  0.00000000E+00
       3       5       8       9       1
  0.16000000E+00  0.30000000E+01  0.00000000E+00
       3       5       8      10       1
  0.16000000E+00  0.30000000E+01  0.00000000E+00
       4       3       5       6       1
  0.15555556E+00  0.30000000E+01  0.00000000E+00
       4       3       5       7       1
  0.15555556E+00  0.30000000E+01  0.00000000E+00
       4       3       5       8       1
  0.15555556E+00  0.30000000E+01  0.00000000E+00
       5       8      11      12       1
  0.16000000E+00  0.30000000E+01  0.00000000E+00
       5       8      11      13       1
  0.16000000E+00  0.30000000E+01  0.00000000E+00
       6       5       3      21       1
  0.15555556E+00  0.30000000E+01  0.00000000E+00
       6       5       8       9       1
  0.15000000E+00  0.30000000E+01  0.00000000E+00
       6       5       8      10       1
  0.15000000E+00  0.30000000E+01  0.00000000E+00
       6       5       8      11       1
  0.16000000E+00  0.30000000E+01  0.00000000E+00
       7       5       3      21       1
  0.15555556E+00  0.30000000E+01  0.00000000E+00
       7       5       8       9       1
  0.15000000E+00  0.30000000E+01  0.00000000E+00
       7       5       8      10       1
  0.15000000E+00  0.30000000E+01  0.00000000E+00
       7       5       8      11       1
  0.16000000E+00  0.30000000E+01  0.00000000E+00
       8      11      14      15       1
  0.15555556E+00  0.30000000E+01  0.00000000E+00
       8      11      14      16       1
  0.15555556E+00  0.30000000E+01  0.00000000E+00
       9       8      11      12       1
  0.15000000E+00  0.30000000E+01  0.00000000E+00
       9       8      11      13       1
  0.15000000E+00  0.30000000E+01  0.00000000E+00
       9       8      11      14       1
  0.16000000E+00  0.30000000E+01  0.00000000E+00
      10       8      11      12       1
  0.15000000E+00  0.30000000E+01  0.00000000E+00
      10       8      11      13       1
  0.15000000E+00  0.30000000E+01  0.00000000E+00
      10       8      11      14       1
  0.16000000E+00  0.30000000E+01  0.00000000E+00
      12      11      14      15       1
  0.15555556E+00  0.30000000E+01  0.00000000E+00
      12      11      14      16       1
  0.15555556E+00  0.30000000E+01  0.00000000E+00
      12      11      14      17       1
  0.15555556E+00  0.30000000E+01  0.00000000E+00
      13      11      14      15       1
  0.15555556E+00  0.30000000E+01  0.00000000E+00
      13      11      14      16       1
  0.15555556E+00  0.30000000E+01  0.00000000E+00
      13      11      14      17       1
  0.15555556E+00  0.30000000E+01  0.00000000E+00
       1       3       5       8       1
  0.15555556E+00  0.30000000E+01  0.00000000E+00
       3       5       8      11       3
  0.20000000E+00  0.10000000E+01  0.18000000E+03
  0.25000000E+00  0.20000000E+01  0.18000000E+03
  0.18000000E+00  0.30000000E+01  0.00000000E+00
       5       8      11      14       3
  0.20000000E+00  0.10000000E+01  0.18000000E+03
  0.25000000E+00  0.20000000E+01  0.18000000E+03
  0.18000000E+00  0.30000000E+01  0.00000000E+00
       8       5       3      21       1
  0.15555556E+00  0.30000000E+01  0.00000000E+00
       8      11      14      17       1
  0.15555556E+00  0.30000000E+01  0.00000000E+00