      10
       1       3       5       6       1
  0.15555556E+00  0.30000000E+01  0.00000000E+00
       1       3       5       7       1
  0.15555556E+00  0.30000000E+01  0.00000000E+00
       4       3       5       6       1
  0.15555556E+00  0.30000000E+01  0.00000000E+00
       4       3       5       7       1
  0.15555556E+00  0.30000000E+01  0.00000000E+00
       4       3       5       8       1
  0.15555556E+00  0.30000000E+01  0.00000000E+00
       6       5       3      23       1
  0.15555556E+00  0.30000000E+01  0.00000000E+00
       7       5       3      23       1
  0.15555556E+00  0.30000000E+01  0.00000000E+00
       1       3       5       8       4
  0.79000000E-01  0.10000000E+01  0.00000000E+00
  0.31300000E+00  0.20000000E+01  0.18000000E+03
  0.23400000E+00  0.30000000E+01  0.00000000E+00
  0.31000000E-01  0.40000000E+01  0.00000000E+00
       3       5       8      22       4
  0.36500000E+00  0.10000000E+01  0.00000000E+00
  0.40800000E+00  0.20000000E+01  0.00000000E+00
  0.81900000E+00  0.30000000E+01  0.00000000E+00
  0.95000000E-01  0.40000000E+01  0.18000000E+03
       8       5       3      23       4
  0.17000000E-01  0.10000000E+01  0.18000000E+03
  0.35300000E+00  0.20000000E+01  0.18000000E+03
  0.23400000E+00  0.30000000E+01  0.00000000E+00
  0.74000000E-01  0.40000000E+01  0.00000000E+00