       9
       1       3       5       6       1
  0.15555556E+00  0.30000000E+01  0.00000000E+00
       1       3       5       7       1
  0.15555556E+00  0.30000000E+01  0.00000000E+00
       4       3       5       6       1
  0.15555556E+00  0.30000000E+01  0.00000000E+00
       4       3       5       7       1
  0.15555556E+00  0.30000000E+01  0.00000000E+00
       4       3       5       8       1
  0.15555556E+00  0.30000000E+01  0.00000000E+00
       6       5       3       9       1
  0.15555556E+00  0.30000000E+01  0.00000000E+00
       7       5       3       9       1
  0.15555556E+00  0.30000000E+01  0.00000000E+00
       1       3       5       8       4
  0.46900000E+00  0.10000000E+01  0.00000000E+00
  0.21000000E-01  0.20000000E+01  0.18000000E+03
  0.32300000E+00  0.30000000E+01  0.00000000E+00
  0.64000000E-01  0.40000000E+01  0.00000000E+00
       8       5       3       9       4
  0.60200000E+00  0.10000000E+01  0.00000000E+00
  0.39400000E+00  0.20000000E+01  0.18000000E+03
  0.32300000E+00  0.30000000E+01  0.00000000E+00
  0.27800000E+00  0.40000000E+01  0.00000000E+00