      10
       1       3       5       6       1
  0.15555556E+00  0.30000000E+01  0.00000000E+00
       1       3       5       7       1
  0.15555556E+00  0.30000000E+01  0.00000000E+00
       4       3       5       6       1
  0.15555556E+00  0.30000000E+01  0.00000000E+00
       4       3       5       7       1
  0.15555556E+00  0.30000000E+01  0.00000000E+00
       4       3       5       8       1
  0.15555556E+00  0.30000000E+01  0.00000000E+00
       6       5       3      16       1
  0.15555556E+00  0.30000000E+01  0.00000000E+00
       7       5       3      16       1
  0.15555556E+00  0.30000000E+01  0.00000000E+00
       1       3       5       8       4
  0.30600000E+00  0.10000000E+01  0.18000000E+03
  0.22100000E+00  0.20000000E+01  0.18000000E+03
  0.21900000E+00  0.30000000E+01  0.00000000E+00
  0.89000000E-01  0.40000000E+01  0.00000000E+00
       3       5       8       9       4
  0.69000000E+00  0.10000000E+01  0.00000000E+00
  0.20400000E+00  0.20000000E+01  0.00000000E+00
  0.74000000E+00  0.30000000E+01  0.00000000E+00
  0.47000000E-01  0.40000000E+01  0.18000000E+03
       8       5       3      16       4
  0.14300000E+00  0.10000000E+01  0.18000000E+03
  0.24400000E+00  0.20000000E+01  0.18000000E+03
  0.21900000E+00  0.30000000E+01  0.00000000E+00
  0.25000000E-01  0.40000000E+01  0.00000000E+00