      21
       1       3       5       6       1
  0.15555556E+00  0.30000000E+01  0.00000000E+00
       1       3       5       7       1
  0.15555556E+00  0.30000000E+01  0.00000000E+00
       3       5       8       9       1
  0.15555556E+00  0.30000000E+01  0.00000000E+00
       3       5       8      10       1
  0.15555556E+00  0.30000000E+01  0.00000000E+00
       4       3       5       6       1
  0.15555556E+00  0.30000000E+01  0.00000000E+00
       4       3       5       7       1
  0.15555556E+00  0.30000000E+01  0.00000000E+00
       4       3       5       8       1
  0.15555556E+00  0.30000000E+01  0.00000000E+00
       6       5       3      16       1
  0.15555556E+00  0.30000000E+01  0.00000000E+00
       6       5       8       9       1
  0.15555556E+00  0.30000000E+01  0.00000000E+00
       6       5       8      10       1
  0.15555556E+00  0.30000000E+01  0.00000000E+00
       6       5       8      11       1
  0.15555556E+00  0.30000000E+01  0.00000000E+00
       7       5       3      16       1
  0.15555556E+00  0.30000000E+01  0.00000000E+00
       7       5       8       9       1
  0.15555556E+00  0.30000000E+01  0.00000000E+00
       7       5       8      10       1
  0.15555556E+00  0.30000000E+01  0.00000000E+00
       7       5       8      11       1
  0.15555556E+00  0.30000000E+01  0.00000000E+00
       9       8      11      12       1
  0.33333333E+00  0.30000000E+01  0.00000000E+00
      10       8      11      12       1
  0.33333333E+00  0.30000000E+01  0.00000000E+00
       1       3       5       8       4
  0.10000000E+00  0.10000000E+01  0.18000000E+03
  0.18400000E+00  0.20000000E+01  0.18000000E+03
  0.14400000E+00  0.30000000E+01  0.00000000E+00
  0.78000000E-01  0.40000000E+01  0.00000000E+00
       3       5       8      11       4
  0.41700000E+00  0.10000000E+01  0.00000000E+00
  0.24500000E+00  0.20000000E+01  0.00000000E+00
  0.16000000E-01  0.30000000E+01  0.00000000E+00
  0.28000000E-01  0.40000000E+01  0.00000000E+00
       5       8      11      12       4
  0.24700000E+00  0.10000000E+01  0.18000000E+03
  0.44200000E+00  0.20000000E+01  0.00000000E+00
  0.41400000E+00  0.30000000E+01  0.00000000E+00
  0.57000000E-01  0.40000000E+01  0.00000000E+00
       8       5       3      16       4
  0.42100000E+00  0.10000000E+01  0.18000000E+03
  0.39300000E+00  0.20000000E+01  0.18000000E+03
  0.14400000E+00  0.30000000E+01  0.00000000E+00
  0.14500000E+00  0.40000000E+01  0.00000000E+00