      27
       1       5       7       8       1
  0.15555556E+00  0.30000000E+01  0.00000000E+00
       1       5       7       9       1
  0.15555556E+00  0.30000000E+01  0.00000000E+00
       5       7      10      11       1
  0.16000000E+00  0.30000000E+01  0.00000000E+00
       5       7      10      12       1
  0.16000000E+00  0.30000000E+01  0.00000000E+00
       6       5       7       8       1
  0.15555556E+00  0.30000000E+01  0.00000000E+00
       6       5       7       9       1
  0.15555556E+00  0.30000000E+01  0.00000000E+00
       6       5       7      10       1
  0.15555556E+00  0.30000000E+01  0.00000000E+00
       7      10      13      14       1
  0.15555556E+00  0.30000000E+01  0.00000000E+00
       7      10      13      15       1
  0.15555556E+00  0.30000000E+01  0.00000000E+00
       8       7       5      25       1
  0.15555556E+00  0.30000000E+01  0.00000000E+00
       8       7      10      11       1
  0.15000000E+00  0.30000000E+01  0.00000000E+00
       8       7      10      12       1
  0.15000000E+00  0.30000000E+01  0.00000000E+00
       8       7      10      13       1
  0.16000000E+00  0.30000000E+01  0.00000000E+00
       9       7       5      25       1
  0.15555556E+00  0.30000000E+01  0.00000000E+00
       9       7      10      11       1
  0.15000000E+00  0.30000000E+01  0.00000000E+00
       9       7      10      12       1
  0.15000000E+00  0.30000000E+01  0.00000000E+00
       9       7      10      13       1
  0.16000000E+00  0.30000000E+01  0.00000000E+00
      11      10      13      14       1
  0.15555556E+00  0.30000000E+01  0.00000000E+00
      11      10      13      15       1
  0.15555556E+00  0.30000000E+01  0.00000000E+00
      11      10      13      16       1
  0.15555556E+00  0.30000000E+01  0.00000000E+00
      12      10      13      14       1
  0.15555556E+00  0.30000000E+01  0.00000000E+00
      12      10      13      15       1
  0.15555556E+00  0.30000000E+01  0.00000000E+00
      12      10      13      16       1
  0.15555556E+00  0.30000000E+01  0.00000000E+00
       1       5       7      10       1
  0.15555556E+00  0.30000000E+01  0.00000000E+00
       5       7      10      13       3
  0.20000000E+00  0.10000000E+01  0.18000000E+03
  0.25000000E+00  0.20000000E+01  0.18000000E+03
  0.18000000E+00  0.30000000E+01  0.00000000E+00
       7      10      13      16       1
  0.15555556E+00  0.30000000E+01  0.00000000E+00
      10       7       5      25       1
  0.15555556E+00  0.30000000E+01  0.00000000E+00