      12
       1       5       7       8       1
  0.15555556E+00  0.30000000E+01  0.00000000E+00
       1       5       7       9       1
  0.15555556E+00  0.30000000E+01  0.00000000E+00
       6       5       7       8       1
  0.15555556E+00  0.30000000E+01  0.00000000E+00
       6       5       7       9       1
  0.15555556E+00  0.30000000E+01  0.00000000E+00
       6       5       7      10       1
  0.15555556E+00  0.30000000E+01  0.00000000E+00
       8       7       5      15       1
  0.15555556E+00  0.30000000E+01  0.00000000E+00
       8       7      10      11       2
  0.80000000E+00  0.10000000E+01  0.00000000E+00
  0.80000000E-01  0.30000000E+01  0.18000000E+03
       9       7       5      15       1
  0.15555556E+00  0.30000000E+01  0.00000000E+00
       9       7      10      11       2
  0.80000000E+00  0.10000000E+01  0.00000000E+00
  0.80000000E-01  0.30000000E+01  0.18000000E+03
       1       5       7      10       4
  0.68800000E+00  0.10000000E+01  0.18000000E+03
  0.29700000E+00  0.20000000E+01  0.18000000E+03
  0.33000000E-01  0.30000000E+01  0.00000000E+00
  0.59000000E-01  0.40000000E+01  0.00000000E+00
       5       7      10      12       4
  0.82800000E+00  0.10000000E+01  0.18000000E+03
  0.48500000E+00  0.20000000E+01  0.18000000E+03
  0.30100000E+00  0.30000000E+01  0.18000000E+03
  0.80000000E-02  0.40000000E+01  0.00000000E+00
      10       7       5      15       4
  0.10460000E+01  0.10000000E+01  0.00000000E+00
  0.30300000E+00  0.20000000E+01  0.18000000E+03
  0.33000000E-01  0.30000000E+01  0.00000000E+00
  0.10700000E+00  0.40000000E+01  0.00000000E+00