      15
       1       5       7       8       1
  0.15555556E+00  0.30000000E+01  0.00000000E+00
       1       5       7       9       1
  0.15555556E+00  0.30000000E+01  0.00000000E+00
       6       5       7       8       1
  0.15555556E+00  0.30000000E+01  0.00000000E+00
       6       5       7       9       1
  0.15555556E+00  0.30000000E+01  0.00000000E+00
       6       5       7      10       1
  0.15555556E+00  0.30000000E+01  0.00000000E+00
       8       7       5      13       1
  0.15555556E+00  0.30000000E+01  0.00000000E+00
       8       7      10      11       1
  0.00000000E+00  0.20000000E+01  0.00000000E+00
       8       7      10      12       1
  0.00000000E+00  0.20000000E+01  0.00000000E+00
       9       7       5      13       1
  0.15555556E+00  0.30000000E+01  0.00000000E+00
       9       7      10      11       1
  0.00000000E+00  0.20000000E+01  0.00000000E+00
       9       7      10      12       1
  0.00000000E+00  0.20000000E+01  0.00000000E+00
       1       5       7      10       4
  0.21540000E+01  0.10000000E+01  0.18000000E+03
  0.64700000E+00  0.20000000E+01  0.18000000E+03
  0.58000000E-01  0.30000000E+01  0.00000000E+00
  0.89000000E-01  0.40000000E+01  0.00000000E+00
       5       7      10      11       2
  0.76900000E+00  0.20000000E+01  0.18000000E+03
  0.31000000E-01  0.40000000E+01  0.18000000E+03
       5       7      10      12       2
  0.76900000E+00  0.20000000E+01  0.18000000E+03
  0.31000000E-01  0.40000000E+01  0.18000000E+03
      10       7       5      13       4
  0.42400000E+00  0.10000000E+01  0.00000000E+00
  0.45900000E+00  0.20000000E+01  0.18000000E+03
  0.58000000E-01  0.30000000E+01  0.00000000E+00
  0.15400000E+00  0.40000000E+01  0.00000000E+00