      12
       1       5       7       8       1
  0.15555556E+00  0.30000000E+01  0.00000000E+00
       1       5       7       9       1
  0.15555556E+00  0.30000000E+01  0.00000000E+00
       5       7      10      11       4
  0.92000000E-01  0.10000000E+01  0.00000000E+00
  0.61200000E+00  0.20000000E+01  0.00000000E+00
  0.25200000E+00  0.30000000E+01  0.00000000E+00
  0.30000000E-01  0.40000000E+01  0.00000000E+00
       6       5       7       8       1
  0.15555556E+00  0.30000000E+01  0.00000000E+00
       6       5       7       9       1
  0.15555556E+00  0.30000000E+01  0.00000000E+00
       6       5       7      10       1
  0.15555556E+00  0.30000000E+01  0.00000000E+00
       8       7       5      12       1
  0.15555556E+00  0.30000000E+01  0.00000000E+00
       8       7      10      11       1
  0.25000000E+00  0.30000000E+01  0.00000000E+00
       9       7       5      12       1
  0.15555556E+00  0.30000000E+01  0.00000000E+00
       9       7      10      11       1
  0.25000000E+00  0.30000000E+01  0.00000000E+00
       1       5       7      10       4
  0.15400000E+00  0.10000000E+01  0.00000000E+00
  0.48600000E+00  0.20000000E+01  0.18000000E+03
  0.25100000E+00  0.30000000E+01  0.00000000E+00
  0.33000000E-01  0.40000000E+01  0.00000000E+00
      10       7       5      12       4
  0.26900000E+00  0.10000000E+01  0.18000000E+03
  0.33700000E+00  0.20000000E+01  0.18000000E+03
  0.25100000E+00  0.30000000E+01  0.00000000E+00
  0.75000000E-01  0.40000000E+01  0.00000000E+00