      20
       1       5       7       8       1
  0.15555556E+00  0.30000000E+01  0.00000000E+00
       1       5       7       9       1
  0.15555556E+00  0.30000000E+01  0.00000000E+00
       5       7      10      11       1
  0.16000000E+00  0.30000000E+01  0.00000000E+00
       5       7      10      12       1
  0.16000000E+00  0.30000000E+01  0.00000000E+00
       6       5       7       8       1
  0.15555556E+00  0.30000000E+01  0.00000000E+00
       6       5       7       9       1
  0.15555556E+00  0.30000000E+01  0.00000000E+00
       6       5       7      10       1
  0.15555556E+00  0.30000000E+01  0.00000000E+00
       8       7       5      16       1
  0.15555556E+00  0.30000000E+01  0.00000000E+00
       8       7      10      11       1
  0.15000000E+00  0.30000000E+01  0.00000000E+00
       8       7      10      12       1
  0.15000000E+00  0.30000000E+01  0.00000000E+00
       8       7      10      13       1
  0.15555556E+00  0.30000000E+01  0.00000000E+00
       9       7       5      16       1
  0.15555556E+00  0.30000000E+01  0.00000000E+00
       9       7      10      11       1
  0.15000000E+00  0.30000000E+01  0.00000000E+00
       9       7      10      12       1
  0.15000000E+00  0.30000000E+01  0.00000000E+00
       9       7      10      13       1
  0.15555556E+00  0.30000000E+01  0.00000000E+00
       1       5       7      10       4
  0.10000000E+00  0.10000000E+01  0.18000000E+03
  0.18400000E+00  0.20000000E+01  0.18000000E+03
  0.14400000E+00  0.30000000E+01  0.00000000E+00
  0.78000000E-01  0.40000000E+01  0.00000000E+00
       5       7      10      13       4
  0.13670000E+01  0.10000000E+01  0.18000000E+03
  0.22200000E+00  0.20000000E+01  0.18000000E+03
  0.60800000E+00  0.30000000E+01  0.18000000E+03
  0.56000000E-01  0.40000000E+01  0.18000000E+03
       7      10      13      14       2
  0.39000000E+00  0.20000000E+01  0.18000000E+03
  0.64000000E-01  0.40000000E+01  0.00000000E+00
       7      10      13      15       2
  0.39000000E+00  0.20000000E+01  0.18000000E+03
  0.64000000E-01  0.40000000E+01  0.00000000E+00
      10       7       5      16       4
  0.42100000E+00  0.10000000E+01  0.18000000E+03
  0.39300000E+00  0.20000000E+01  0.18000000E+03
  0.14400000E+00  0.30000000E+01  0.00000000E+00
  0.14500000E+00  0.40000000E+01  0.00000000E+00