      10
       1       5       7       8       1
  0.15555556E+00  0.30000000E+01  0.00000000E+00
       1       5       7       9       1
  0.15555556E+00  0.30000000E+01  0.00000000E+00
       6       5       7       8       1
  0.15555556E+00  0.30000000E+01  0.00000000E+00
       6       5       7       9       1
  0.15555556E+00  0.30000000E+01  0.00000000E+00
       6       5       7      10       1
  0.15555556E+00  0.30000000E+01  0.00000000E+00
       8       7       5      18       1
  0.15555556E+00  0.30000000E+01  0.00000000E+00
       9       7       5      18       1
  0.15555556E+00  0.30000000E+01  0.00000000E+00
       1       5       7      10       4
  0.30600000E+00  0.10000000E+01  0.18000000E+03
  0.22100000E+00  0.20000000E+01  0.18000000E+03
  0.21900000E+00  0.30000000E+01  0.00000000E+00
  0.89000000E-01  0.40000000E+01  0.00000000E+00
       5       7      10      11       4
  0.69000000E+00  0.10000000E+01  0.00000000E+00
  0.20400000E+00  0.20000000E+01  0.00000000E+00
  0.74000000E+00  0.30000000E+01  0.00000000E+00
  0.47000000E-01  0.40000000E+01  0.18000000E+03
      10       7       5      18       4
  0.14300000E+00  0.10000000E+01  0.18000000E+03
  0.24400000E+00  0.20000000E+01  0.18000000E+03
  0.21900000E+00  0.30000000E+01  0.00000000E+00
  0.25000000E-01  0.40000000E+01  0.00000000E+00