      21
       1       5       7       8       1
  0.15555556E+00  0.30000000E+01  0.00000000E+00
       5       7      13      14       1
  0.16000000E+00  0.30000000E+01  0.00000000E+00
       5       7      13      15       1
  0.16000000E+00  0.30000000E+01  0.00000000E+00
       6       5       7       8       1
  0.15555556E+00  0.30000000E+01  0.00000000E+00
       6       5       7       9       1
  0.15555556E+00  0.30000000E+01  0.00000000E+00
       6       5       7      13       1
  0.15555556E+00  0.30000000E+01  0.00000000E+00
       7      13      16      17       1
  0.16000000E+00  0.30000000E+01  0.00000000E+00
       7      13      16      18       1
  0.16000000E+00  0.30000000E+01  0.00000000E+00
       7      13      16      19       1
  0.16000000E+00  0.30000000E+01  0.00000000E+00
       8       7       5      20       1
  0.15555556E+00  0.30000000E+01  0.00000000E+00
       8       7      13      14       1
  0.15000000E+00  0.30000000E+01  0.00000000E+00
       8       7      13      15       1
  0.15000000E+00  0.30000000E+01  0.00000000E+00
       8       7      13      16       1
  0.16000000E+00  0.30000000E+01  0.00000000E+00
       9       7      13      14       1
  0.16000000E+00  0.30000000E+01  0.00000000E+00
       9       7      13      15       1
  0.16000000E+00  0.30000000E+01  0.00000000E+00
       1       5       7       9       4
  0.33700000E+00  0.10000000E+01  0.00000000E+00
  0.21600000E+00  0.20000000E+01  0.18000000E+03
  0.14800000E+00  0.30000000E+01  0.00000000E+00
  0.10000000E-02  0.40000000E+01  0.18000000E+03
       1       5       7      13       4
  0.31000000E+00  0.10000000E+01  0.00000000E+00
  0.14400000E+00  0.20000000E+01  0.18000000E+03
  0.11300000E+00  0.30000000E+01  0.00000000E+00
  0.97000000E-01  0.40000000E+01  0.18000000E+03
       5       7      13      16       4
  0.44700000E+00  0.10000000E+01  0.00000000E+00
  0.53000000E-01  0.20000000E+01  0.00000000E+00
  0.10700000E+00  0.30000000E+01  0.00000000E+00
  0.23000000E+00  0.40000000E+01  0.00000000E+00
       9       7       5      20       4
  0.40600000E+00  0.10000000E+01  0.18000000E+03
  0.28900000E+00  0.20000000E+01  0.18000000E+03
  0.14800000E+00  0.30000000E+01  0.00000000E+00
  0.11200000E+00  0.40000000E+01  0.00000000E+00
       9       7      13      16       4
  0.20200000E+00  0.10000000E+01  0.00000000E+00
  0.77000000E-01  0.20000000E+01  0.18000000E+03
  0.10700000E+00  0.30000000E+01  0.00000000E+00
  0.22400000E+00  0.40000000E+01  0.00000000E+00
      13       7       5      20       4
  0.16200000E+00  0.10000000E+01  0.00000000E+00
  0.73500000E+00  0.20000000E+01  0.18000000E+03
  0.11300000E+00  0.30000000E+01  0.00000000E+00
  0.11500000E+00  0.40000000E+01  0.00000000E+00