      24
       1       5       7       8       1
  0.15555556E+00  0.30000000E+01  0.00000000E+00
       1       5       7       9       1
  0.15555556E+00  0.30000000E+01  0.00000000E+00
       5       7      10      11       1
  0.16000000E+00  0.30000000E+01  0.00000000E+00
       6       5       7       8       1
  0.15555556E+00  0.30000000E+01  0.00000000E+00
       6       5       7       9       1
  0.15555556E+00  0.30000000E+01  0.00000000E+00
       6       5       7      10       1
  0.15555556E+00  0.30000000E+01  0.00000000E+00
       7      10      12      13       1
  0.16000000E+00  0.30000000E+01  0.00000000E+00
       7      10      12      14       1
  0.16000000E+00  0.30000000E+01  0.00000000E+00
       7      10      12      15       1
  0.16000000E+00  0.30000000E+01  0.00000000E+00
       7      10      16      17       1
  0.16000000E+00  0.30000000E+01  0.00000000E+00
       7      10      16      18       1
  0.16000000E+00  0.30000000E+01  0.00000000E+00
       7      10      16      19       1
  0.16000000E+00  0.30000000E+01  0.00000000E+00
       8       7       5      20       1
  0.15555556E+00  0.30000000E+01  0.00000000E+00
       8       7      10      11       1
  0.15000000E+00  0.30000000E+01  0.00000000E+00
       8       7      10      12       1
  0.16000000E+00  0.30000000E+01  0.00000000E+00
       8       7      10      16       1
  0.16000000E+00  0.30000000E+01  0.00000000E+00
       9       7       5      20       1
  0.15555556E+00  0.30000000E+01  0.00000000E+00
       9       7      10      11       1
  0.15000000E+00  0.30000000E+01  0.00000000E+00
       9       7      10      12       1
  0.16000000E+00  0.30000000E+01  0.00000000E+00
       9       7      10      16       1
  0.16000000E+00  0.30000000E+01  0.00000000E+00
       1       5       7      10       4
  0.98000000E-01  0.10000000E+01  0.00000000E+00
  0.25900000E+00  0.20000000E+01  0.18000000E+03
  0.14400000E+00  0.30000000E+01  0.00000000E+00
  0.73000000E-01  0.40000000E+01  0.00000000E+00
       5       7      10      12       4
  0.37900000E+00  0.10000000E+01  0.00000000E+00
  0.27000000E-01  0.20000000E+01  0.18000000E+03
  0.14200000E+00  0.30000000E+01  0.00000000E+00
  0.17900000E+00  0.40000000E+01  0.00000000E+00
       5       7      10      16       4
  0.37900000E+00  0.10000000E+01  0.00000000E+00
  0.27000000E-01  0.20000000E+01  0.18000000E+03
  0.14200000E+00  0.30000000E+01  0.00000000E+00
  0.17900000E+00  0.40000000E+01  0.00000000E+00
      10       7       5      20       4
  0.70600000E+00  0.10000000E+01  0.00000000E+00
  0.62000000E+00  0.20000000E+01  0.18000000E+03
  0.14400000E+00  0.30000000E+01  0.00000000E+00
  0.19000000E+00  0.40000000E+01  0.00000000E+00