      12
       1       5       7       8       1
  0.15555556E+00  0.30000000E+01  0.00000000E+00
       5       7      13      14       4
  0.60000000E-02  0.10000000E+01  0.18000000E+03
  0.25100000E+00  0.20000000E+01  0.00000000E+00
  0.23600000E+00  0.30000000E+01  0.00000000E+00
  0.13000000E-01  0.40000000E+01  0.00000000E+00
       6       5       7       8       1
  0.15555556E+00  0.30000000E+01  0.00000000E+00
       6       5       7       9       1
  0.15555556E+00  0.30000000E+01  0.00000000E+00
       6       5       7      13       1
  0.25000000E+00  0.10000000E+01  0.00000000E+00
       8       7       5      15       1
  0.15555556E+00  0.30000000E+01  0.00000000E+00
       8       7      13      14       1
  0.16666667E+00  0.30000000E+01  0.00000000E+00
       9       7      13      14       4
  0.64300000E+00  0.10000000E+01  0.00000000E+00
  0.79000000E-01  0.20000000E+01  0.18000000E+03
  0.23600000E+00  0.30000000E+01  0.00000000E+00
  0.48000000E-01  0.40000000E+01  0.00000000E+00
       1       5       7       9       4
  0.33700000E+00  0.10000000E+01  0.00000000E+00
  0.21600000E+00  0.20000000E+01  0.18000000E+03
  0.14800000E+00  0.30000000E+01  0.00000000E+00
  0.10000000E-02  0.40000000E+01  0.18000000E+03
       1       5       7      13       4
  0.67400000E+00  0.10000000E+01  0.00000000E+00
  0.60000000E-02  0.20000000E+01  0.00000000E+00
  0.31500000E+00  0.30000000E+01  0.00000000E+00
  0.95000000E-01  0.40000000E+01  0.00000000E+00
       9       7       5      15       4
  0.40600000E+00  0.10000000E+01  0.18000000E+03
  0.28900000E+00  0.20000000E+01  0.18000000E+03
  0.14800000E+00  0.30000000E+01  0.00000000E+00
  0.11200000E+00  0.40000000E+01  0.00000000E+00
      13       7       5      15       4
  0.69700000E+00  0.10000000E+01  0.18000000E+03
  0.11900000E+00  0.20000000E+01  0.18000000E+03
  0.31500000E+00  0.30000000E+01  0.00000000E+00
  0.15600000E+00  0.40000000E+01  0.00000000E+00