      10
       1       5       7       8       1
  0.15555556E+00  0.30000000E+01  0.00000000E+00
       1       5       7       9       1
  0.15555556E+00  0.30000000E+01  0.00000000E+00
       6       5       7       8       1
  0.15555556E+00  0.30000000E+01  0.00000000E+00
       6       5       7       9       1
  0.15555556E+00  0.30000000E+01  0.00000000E+00
       6       5       7      10       1
  0.15555556E+00  0.30000000E+01  0.00000000E+00
       8       7       5      25       1
  0.15555556E+00  0.30000000E+01  0.00000000E+00
       9       7       5      25       1
  0.15555556E+00  0.30000000E+01  0.00000000E+00
       1       5       7      10       4
  0.79000000E-01  0.10000000E+01  0.00000000E+00
  0.31300000E+00  0.20000000E+01  0.18000000E+03
  0.23400000E+00  0.30000000E+01  0.00000000E+00
  0.31000000E-01  0.40000000E+01  0.00000000E+00
       5       7      10      24       4
  0.36500000E+00  0.10000000E+01  0.00000000E+00
  0.40800000E+00  0.20000000E+01  0.00000000E+00
  0.81900000E+00  0.30000000E+01  0.00000000E+00
  0.95000000E-01  0.40000000E+01  0.18000000E+03
      10       7       5      25       4
  0.17000000E-01  0.10000000E+01  0.18000000E+03
  0.35300000E+00  0.20000000E+01  0.18000000E+03
  0.23400000E+00  0.30000000E+01  0.00000000E+00
  0.74000000E-01  0.40000000E+01  0.00000000E+00