      13
       1       5       7       8       1
  0.15555556E+00  0.30000000E+01  0.00000000E+00
       1       5       7       9       1
  0.15555556E+00  0.30000000E+01  0.00000000E+00
       6       5       7       8       1
  0.15555556E+00  0.30000000E+01  0.00000000E+00
       6       5       7       9       1
  0.15555556E+00  0.30000000E+01  0.00000000E+00
       6       5       7      10       1
  0.15555556E+00  0.30000000E+01  0.00000000E+00
       8       7       5      22       1
  0.15555556E+00  0.30000000E+01  0.00000000E+00
       9       7       5      22       1
  0.15555556E+00  0.30000000E+01  0.00000000E+00
      13      15      16      17       2
  0.88300000E+00  0.20000000E+01  0.18000000E+03
  0.65000000E-01  0.40000000E+01  0.00000000E+00
      17      16      15      18       2
  0.88300000E+00  0.20000000E+01  0.18000000E+03
  0.65000000E-01  0.40000000E+01  0.00000000E+00
       1       5       7      10       4
  0.12000000E-01  0.10000000E+01  0.18000000E+03
  0.29000000E+00  0.20000000E+01  0.18000000E+03
  0.19200000E+00  0.30000000E+01  0.00000000E+00
  0.70000000E-02  0.40000000E+01  0.18000000E+03
       5       7      10      11       2
  0.69000000E-01  0.20000000E+01  0.18000000E+03
  0.48000000E-01  0.40000000E+01  0.18000000E+03
       5       7      10      20       2
  0.69000000E-01  0.20000000E+01  0.18000000E+03
  0.48000000E-01  0.40000000E+01  0.18000000E+03
      10       7       5      22       4
  0.55000000E-01  0.10000000E+01  0.00000000E+00
  0.46900000E+00  0.20000000E+01  0.18000000E+03
  0.19200000E+00  0.30000000E+01  0.00000000E+00
  0.12000000E-01  0.40000000E+01  0.18000000E+03