      12
       1       3       5       6       1
  0.15555556E+00  0.30000000E+01  0.00000000E+00
       1       3       5       7       1
  0.15555556E+00  0.30000000E+01  0.00000000E+00
       3       5       8       9       4
  0.21100000E+00  0.10000000E+01  0.00000000E+00
  0.44400000E+00  0.20000000E+01  0.00000000E+00
  0.26700000E+00  0.30000000E+01  0.00000000E+00
  0.70000000E-02  0.40000000E+01  0.00000000E+00
       4       3       5       6       1
  0.15555556E+00  0.30000000E+01  0.00000000E+00
       4       3       5       7       1
  0.15555556E+00  0.30000000E+01  0.00000000E+00
       4       3       5       8       1
  0.25000000E+00  0.10000000E+01  0.00000000E+00
       6       5       3      10       1
  0.15555556E+00  0.30000000E+01  0.00000000E+00
       6       5       8       9       1
  0.16666667E+00  0.30000000E+01  0.00000000E+00
       7       5       3      10       1
  0.15555556E+00  0.30000000E+01  0.00000000E+00
       7       5       8       9       1
  0.16666667E+00  0.30000000E+01  0.00000000E+00
       1       3       5       8       4
  0.66600000E+00  0.10000000E+01  0.00000000E+00
  0.24600000E+00  0.20000000E+01  0.18000000E+03
  0.40100000E+00  0.30000000E+01  0.00000000E+00
  0.16000000E+00  0.40000000E+01  0.00000000E+00
       8       5       3      10       4
  0.66100000E+00  0.10000000E+01  0.18000000E+03
  0.21800000E+00  0.20000000E+01  0.18000000E+03
  0.40100000E+00  0.30000000E+01  0.00000000E+00
  0.12900000E+00  0.40000000E+01  0.00000000E+00