      13
       1       3       5       6       1
  0.15555556E+00  0.30000000E+01  0.00000000E+00
       1       3       5       7       1
  0.15555556E+00  0.30000000E+01  0.00000000E+00
       4       3       5       6       1
  0.15555556E+00  0.30000000E+01  0.00000000E+00
       4       3       5       7       1
  0.15555556E+00  0.30000000E+01  0.00000000E+00
       4       3       5       8       1
  0.15555556E+00  0.30000000E+01  0.00000000E+00
       6       5       3      20       1
  0.15555556E+00  0.30000000E+01  0.00000000E+00
       7       5       3      20       1
  0.15555556E+00  0.30000000E+01  0.00000000E+00
      11      13      14      15       2
  0.88300000E+00  0.20000000E+01  0.18000000E+03
  0.65000000E-01  0.40000000E+01  0.00000000E+00
      15      14      13      16       2
  0.88300000E+00  0.20000000E+01  0.18000000E+03
  0.65000000E-01  0.40000000E+01  0.00000000E+00
       1       3       5       8       4
  0.12000000E-01  0.10000000E+01  0.18000000E+03
  0.29000000E+00  0.20000000E+01  0.18000000E+03
  0.19200000E+00  0.30000000E+01  0.00000000E+00
  0.70000000E-02  0.40000000E+01  0.18000000E+03
       3       5       8       9       2
  0.69000000E-01  0.20000000E+01  0.18000000E+03
  0.48000000E-01  0.40000000E+01  0.18000000E+03
       3       5       8      18       2
  0.69000000E-01  0.20000000E+01  0.18000000E+03
  0.48000000E-01  0.40000000E+01  0.18000000E+03
       8       5       3      20       4
  0.55000000E-01  0.10000000E+01  0.00000000E+00
  0.46900000E+00  0.20000000E+01  0.18000000E+03
  0.19200000E+00  0.30000000E+01  0.00000000E+00
  0.12000000E-01  0.40000000E+01  0.18000000E+03